1.7218E+00	8.0376E+06	3.7348E+01	1.2460E-01	1.8080E-01	5.9423E+00	3.3223E+03	1.9295E+03	9.0070E+09	3.2870E+03	1.4000E+02	5
1.7381E+00	7.6178E+06	3.2756E+01	1.8191E-01	1.9696E-01	6.6542E+00	3.1488E+03	1.8116E+03	7.9397E+09	3.2880E+03	1.4000E+02	4
1.6786E+00	6.8326E+06	3.2313E+01	2.2728E-01	2.1455E-01	7.0085E+00	2.8882E+03	1.7206E+03	7.0033E+09	3.2890E+03	1.4000E+02	4
1.6476E+00	6.0594E+06	3.1113E+01	2.3076E-01	2.2659E-01	8.6878E+00	2.6828E+03	1.6283E+03	5.9883E+09	3.2900E+03	1.4000E+02	4
1.6737E+00	5.5033E+06	2.5805E+01	2.2810E-01	2.2737E-01	1.0556E+01	2.4366E+03	1.4558E+03	4.7870E+09	3.2910E+03	1.4000E+02	4
1.6732E+00	5.2066E+06	2.4066E+01	2.5546E-01	2.3240E-01	1.0920E+01	2.3052E+03	1.3778E+03	4.2874E+09	3.2920E+03	1.4000E+02	4
1.7529E+00	5.4379E+06	2.6075E+01	2.4673E-01	2.3701E-01	1.0456E+01	2.4076E+03	1.3735E+03	4.2609E+09	3.2930E+03	1.4000E+02	4
1.8057E+00	5.7777E+06	2.6694E+01	2.4454E-01	2.3521E-01	1.0633E+01	2.5516E+03	1.4131E+03	4.5214E+09	3.2940E+03	1.4000E+02	4
1.8659E+00	6.1273E+06	2.5707E+01	2.3901E-01	2.3034E-01	1.0360E+01	2.7004E+03	1.4472E+03	4.7525E+09	3.2950E+03	1.4000E+02	4
1.8524E+00	6.2117E+06	2.5869E+01	2.2926E-01	2.2726E-01	9.5819E+00	2.7376E+03	1.4779E+03	4.9560E+09	3.2960E+03	1.4000E+02	4
1.8011E+00	6.2478E+06	2.6338E+01	2.3104E-01	2.2664E-01	1.0128E+01	2.7536E+03	1.5289E+03	5.3036E+09	3.2970E+03	1.4000E+02	4
1.7945E+00	6.3229E+06	2.5663E+01	2.1627E-01	2.2670E-01	1.1312E+01	2.7867E+03	1.5529E+03	5.4715E+09	3.2980E+03	1.4000E+02	4
1.8141E+00	6.4203E+06	2.4969E+01	2.1190E-01	2.2731E-01	1.0737E+01	2.8249E+03	1.5572E+03	5.5113E+09	3.2990E+03	1.4000E+02	4
1.8421E+00	6.5403E+06	2.4817E+01	2.2566E-01	2.2739E-01	9.8203E+00	2.8684E+03	1.5572E+03	5.5287E+09	3.3000E+03	1.4000E+02	4
1.8749E+00	6.6042E+06	2.4365E+01	2.2892E-01	2.2762E-01	1.2122E+01	2.8964E+03	1.5448E+03	5.4415E+09	3.3010E+03	1.4000E+02	4
1.8529E+00	6.4992E+06	2.4584E+01	2.2386E-01	2.3099E-01	1.4106E+01	2.8504E+03	1.5383E+03	5.3958E+09	3.3020E+03	1.4000E+02	4
1.8293E+00	6.4837E+06	2.5978E+01	2.3043E-01	2.3663E-01	1.3995E+01	2.8505E+03	1.5582E+03	5.5229E+09	3.3030E+03	1.4000E+02	3
1.8197E+00	6.4632E+06	2.7003E+01	2.4037E-01	2.3994E-01	1.4107E+01	2.8692E+03	1.5768E+03	5.6005E+09	3.3040E+03	1.4000E+02	3
1.8339E+00	6.4097E+06	2.7480E+01	2.4985E-01	2.4239E-01	1.6056E+01	2.8667E+03	1.5632E+03	5.4633E+09	3.3050E+03	1.4000E+02	3
1.8388E+00	6.3902E+06	2.8243E+01	2.5934E-01	2.4832E-01	1.6838E+01	2.8580E+03	1.5543E+03	5.4015E+09	3.3060E+03	1.4000E+02	3
1.8224E+00	6.4223E+06	3.1778E+01	2.3840E-01	2.6249E-01	1.5683E+01	2.8724E+03	1.5761E+03	5.5544E+09	3.3070E+03	1.4000E+02	3
1.7984E+00	6.5792E+06	3.1669E+01	2.3300E-01	2.6836E-01	1.5895E+01	2.9425E+03	1.6362E+03	5.9855E+09	3.3080E+03	1.4000E+02	1
1.8058E+00	6.7744E+06	2.8138E+01	2.8379E-01	2.6757E-01	1.7673E+01	3.0613E+03	1.6952E+03	6.3595E+09	3.3090E+03	1.4000E+02	1
1.8109E+00	6.8082E+06	2.4410E+01	3.0185E-01	2.7029E-01	1.8905E+01	3.1418E+03	1.7350E+03	6.5228E+09	3.3100E+03	1.4000E+02	1
1.8069E+00	6.8157E+06	2.3259E+01	2.8609E-01	2.7874E-01	1.9682E+01	3.1452E+03	1.7406E+03	6.5657E+09	3.3110E+03	1.4000E+02	1
1.8168E+00	6.8303E+06	2.3206E+01	2.8444E-01	2.8499E-01	2.1474E+01	3.1520E+03	1.7349E+03	6.5222E+09	3.3120E+03	1.4000E+02	1
1.8144E+00	6.8043E+06	2.2802E+01	3.0294E-01	2.8969E-01	2.2281E+01	3.1399E+03	1.7306E+03	6.4898E+09	3.3130E+03	1.4000E+02	1
1.7876E+00	6.6666E+06	2.4208E+01	2.9026E-01	2.9427E-01	2.2133E+01	3.0955E+03	1.7317E+03	6.4580E+09	3.3140E+03	1.4000E+02	1
1.7856E+00	6.6352E+06	2.6325E+01	3.0353E-01	2.9399E-01	2.2535E+01	3.0874E+03	1.7291E+03	6.4251E+09	3.3150E+03	1.4000E+02	1
1.7866E+00	6.5760E+06	2.8921E+01	3.0982E-01	2.9508E-01	2.2012E+01	3.0599E+03	1.7127E+03	6.3041E+09	3.3160E+03	1.4000E+02	1
1.7810E+00	6.4591E+06	3.4991E+01	3.1463E-01	2.9896E-01	1.9704E+01	3.0055E+03	1.6876E+03	6.1205E+09	3.3170E+03	1.4000E+02	1
1.8320E+00	6.4569E+06	3.7114E+01	3.0681E-01	2.9143E-01	1.7315E+01	3.0045E+03	1.6400E+03	5.7800E+09	3.3180E+03	1.4000E+02	1
1.8816E+00	6.5538E+06	3.8366E+01	3.0407E-01	2.8568E-01	1.5103E+01	3.0421E+03	1.6168E+03	5.6314E+09	3.3190E+03	1.4000E+02	1
1.9084E+00	6.6803E+06	3.7665E+01	2.9884E-01	2.8127E-01	1.3286E+01	3.0857E+03	1.6170E+03	5.6603E+09	3.3200E+03	1.4000E+02	1
1.9014E+00	6.6818E+06	3.5242E+01	2.9207E-01	2.7293E-01	1.2571E+01	3.0864E+03	1.6232E+03	5.7041E+09	3.3210E+03	1.4000E+02	1
1.8633E+00	6.6080E+06	3.2222E+01	2.9211E-01	2.6482E-01	1.3527E+01	3.0524E+03	1.6381E+03	5.8093E+09	3.3220E+03	1.4000E+02	1
1.8278E+00	6.5696E+06	2.8103E+01	2.9039E-01	2.6179E-01	1.4576E+01	3.0346E+03	1.6602E+03	5.9671E+09	3.3230E+03	1.4000E+02	1
1.8037E+00	6.7084E+06	2.1220E+01	2.8519E-01	2.6264E-01	1.5532E+01	3.0675E+03	1.7007E+03	6.3254E+09	3.3240E+03	1.4000E+02	1
1.7973E+00	6.9219E+06	1.9404E+01	2.4617E-01	2.7277E-01	1.7720E+01	3.1574E+03	1.7568E+03	6.7661E+09	3.3250E+03	1.4000E+02	1
1.8140E+00	7.1050E+06	1.8181E+01	2.3903E-01	2.7925E-01	1.9961E+01	3.2409E+03	1.7866E+03	6.9978E+09	3.3260E+03	1.4000E+02	1
1.8393E+00	7.0766E+06	1.8567E+01	3.0055E-01	2.8443E-01	1.8992E+01	3.2279E+03	1.7549E+03	6.7519E+09	3.3270E+03	1.4000E+02	1
1.8375E+00	6.8411E+06	2.1482E+01	3.1174E-01	2.9046E-01	1.8338E+01	3.1205E+03	1.6982E+03	6.3225E+09	3.3280E+03	1.4000E+02	1
1.8231E+00	6.3934E+06	2.7481E+01	3.2679E-01	2.9257E-01	1.8258E+01	2.9961E+03	1.6435E+03	5.7636E+09	3.3290E+03	1.4000E+02	1
1.7978E+00	6.2070E+06	3.5004E+01	3.2218E-01	2.8677E-01	1.5591E+01	2.9087E+03	1.6180E+03	5.5862E+09	3.3300E+03	1.4000E+02	1
1.7771E+00	6.1368E+06	4.1281E+01	3.0893E-01	2.7121E-01	1.0985E+01	2.8759E+03	1.6183E+03	5.5886E+09	3.3310E+03	1.4000E+02	1
1.7993E+00	6.2250E+06	4.7827E+01	3.0328E-01	2.4144E-01	7.3246E+00	2.9172E+03	1.6213E+03	5.6089E+09	3.3320E+03	1.4000E+02	1
1.8293E+00	6.5664E+06	5.2439E+01	2.9681E-01	2.1586E-01	5.2338E+00	2.9442E+03	1.6095E+03	5.7772E+09	3.3330E+03	1.4000E+02	1
1.8190E+00	6.8173E+06	5.4402E+01	2.3663E-01	1.9952E-01	3.3498E+00	2.9015E+03	1.5951E+03	5.9783E+09	3.3340E+03	1.4000E+02	3
1.8163E+00	6.7038E+06	5.0012E+01	1.8514E-01	1.8230E-01	2.7520E+00	2.8573E+03	1.5731E+03	5.8061E+09	3.3350E+03	1.4000E+02	5
1.8797E+00	6.8750E+06	4.2560E+01	1.1808E-01	1.7466E-01	5.2977E+00	2.9303E+03	1.5589E+03	5.7015E+09	3.3360E+03	1.4000E+02	6
1.9833E+00	7.2190E+06	3.6337E+01	1.5276E-01	1.7848E-01	1.0335E+01	3.0769E+03	1.5514E+03	5.6471E+09	3.3370E+03	1.4000E+02	6
2.0947E+00	7.6555E+06	2.9973E+01	1.1038E-01	1.8281E-01	1.2487E+01	3.2629E+03	1.5577E+03	5.6931E+09	3.3380E+03	1.4000E+02	6
2.1285E+00	7.6793E+06	2.4619E+01	2.0541E-01	1.9013E-01	1.3690E+01	3.3952E+03	1.5952E+03	5.7552E+09	3.3390E+03	1.4000E+02	3
2.0023E+00	7.4620E+06	2.2858E+01	2.9678E-01	2.0021E-01	1.4728E+01	3.2992E+03	1.6477E+03	6.1403E+09	3.3400E+03	1.4000E+02	2
1.8455E+00	7.0209E+06	1.9878E+01	2.5569E-01	2.1977E-01	1.6291E+01	3.1041E+03	1.6820E+03	6.3988E+09	3.3410E+03	1.4000E+02	3
1.8021E+00	6.8852E+06	1.7643E+01	2.2724E-01	2.2073E-01	1.6315E+01	3.0441E+03	1.6892E+03	6.4541E+09	3.3420E+03	1.4000E+02	3
1.8121E+00	6.9592E+06	1.8181E+01	2.8436E-01	2.1966E-01	1.5166E+01	3.0595E+03	1.6884E+03	6.4839E+09	3.3430E+03	1.4000E+02	3
1.7675E+00	6.9001E+06	1.8933E+01	2.1943E-01	2.2671E-01	1.5270E+01	3.0341E+03	1.7166E+03	6.7017E+09	3.3440E+03	1.4000E+02	5
1.7333E+00	6.9669E+06	1.7177E+01	1.6599E-01	2.3524E-01	1.7234E+01	3.0698E+03	1.7711E+03	7.1187E+09	3.3450E+03	1.4000E+02	8
1.8255E+00	7.3144E+06	1.5746E+01	1.8070E-01	2.4075E-01	1.8408E+01	3.2229E+03	1.7656E+03	7.0744E+09	3.3460E+03	1.4000E+02	5
1.8460E+00	7.2511E+06	1.4550E+01	2.8568E-01	2.4725E-01	1.9656E+01	3.1950E+03	1.7308E+03	6.7984E+09	3.3470E+03	1.4000E+02	2
1.7760E+00	6.4770E+06	1.3528E+01	2.9109E-01	2.7005E-01	2.0336E+01	2.9892E+03	1.6831E+03	6.1382E+09	3.3480E+03	1.4000E+02	2
1.7734E+00	6.0256E+06	1.3277E+01	3.2323E-01	2.8368E-01	2.2340E+01	2.8567E+03	1.6109E+03	5.4734E+09	3.3490E+03	1.4000E+02	2
1.7890E+00	5.9154E+06	1.2655E+01	3.3953E-01	3.0164E-01	2.3830E+01	2.8044E+03	1.5676E+03	5.1835E+09	3.3500E+03	1.4000E+02	2
1.7908E+00	5.8045E+06	1.1099E+01	3.3305E-01	3.0980E-01	2.4775E+01	2.7519E+03	1.5367E+03	4.9809E+09	3.3510E+03	1.4000E+02	1
1.7750E+00	5.6855E+06	9.8954E+00	3.3302E-01	3.1480E-01	2.4325E+01	2.6955E+03	1.5186E+03	4.8643E+09	3.3520E+03	1.4000E+02	2
1.7977E+00	5.6747E+06	9.4896E+00	3.4376E-01	3.2003E-01	2.4018E+01	2.6903E+03	1.4966E+03	4.7241E+09	3.3530E+03	1.4000E+02	1
1.8247E+00	5.6100E+06	9.1688E+00	3.3885E-01	3.1993E-01	2.5221E+01	2.6907E+03	1.4745E+03	4.5333E+09	3.3540E+03	1.4000E+02	1
1.8147E+00	5.5863E+06	8.4558E+00	3.4252E-01	3.1720E-01	2.5672E+01	2.6793E+03	1.4765E+03	4.5451E+09	3.3550E+03	1.4000E+02	2
1.7783E+00	5.5692E+06	8.3183E+00	3.4284E-01	3.1830E-01	2.4561E+01	2.6711E+03	1.5020E+03	4.7040E+09	3.3560E+03	1.4000E+02	2
1.7561E+00	5.5937E+06	8.7817E+00	3.4431E-01	3.2182E-01	2.3612E+01	2.6828E+03	1.5277E+03	4.8661E+09	3.3570E+03	1.4000E+02	1
1.7713E+00	5.6962E+06	9.1121E+00	3.4038E-01	3.2334E-01	2.3849E+01	2.7024E+03	1.5257E+03	4.9063E+09	3.3580E+03	1.4000E+02	1
1.7960E+00	5.6890E+06	9.8292E+00	3.4796E-01	3.2486E-01	2.4074E+01	2.6990E+03	1.5028E+03	4.7603E+09	3.3590E+03	1.4000E+02	1
1.8009E+00	5.6262E+06	1.0435E+01	3.4811E-01	3.2513E-01	2.3164E+01	2.6692E+03	1.4822E+03	4.6304E+09	3.3600E+03	1.4000E+02	1
1.7868E+00	5.5633E+06	1.0740E+01	3.4471E-01	3.2067E-01	2.2691E+01	2.6394E+03	1.4771E+03	4.5991E+09	3.3610E+03	1.4000E+02	1
1.7829E+00	5.5443E+06	1.1820E+01	3.4129E-01	3.0729E-01	2.3277E+01	2.6304E+03	1.4754E+03	4.5882E+09	3.3620E+03	1.4000E+02	2
1.7846E+00	5.6000E+06	1.5330E+01	3.3367E-01	2.8492E-01	2.2186E+01	2.6568E+03	1.4888E+03	4.6717E+09	3.3630E+03	1.4000E+02	1
1.7587E+00	5.9335E+06	2.1283E+01	2.8937E-01	2.4720E-01	1.9404E+01	2.6503E+03	1.5070E+03	5.0842E+09	3.3640E+03	1.4000E+02	3
1.7918E+00	5.8567E+06	2.6113E+01	2.4180E-01	2.1820E-01	1.5183E+01	2.6160E+03	1.4600E+03	4.7721E+09	3.3650E+03	1.4000E+02	9
1.9430E+00	5.9298E+06	3.0372E+01	1.9791E-01	1.9468E-01	1.2872E+01	2.6486E+03	1.3632E+03	4.1604E+09	3.3660E+03	1.4000E+02	7
2.0895E+00	6.1671E+06	4.2790E+01	1.8330E-01	1.8323E-01	9.1564E+00	2.7547E+03	1.3184E+03	3.8912E+09	3.3670E+03	1.4000E+02	7
2.1677E+00	6.8105E+06	5.3786E+01	1.7346E-01	1.5810E-01	3.4411E+00	2.8526E+03	1.3159E+03	4.1345E+09	3.3680E+03	1.4000E+02	7
2.2092E+00	6.9236E+06	5.9423E+01	1.6668E-01	1.4792E-01	4.3600E-02	2.8883E+03	1.3074E+03	4.0973E+09	3.3690E+03	1.4000E+02	7
2.1980E+00	6.8915E+06	6.2235E+01	1.5085E-01	1.4952E-01	0.0000E+00	2.8749E+03	1.3080E+03	4.1011E+09	3.3700E+03	1.4000E+02	9
2.1754E+00	6.9869E+06	6.1791E+01	1.7395E-01	1.4830E-01	0.0000E+00	2.9147E+03	1.3399E+03	4.3034E+09	3.3710E+03	1.4000E+02	9
2.1336E+00	7.2366E+06	5.8388E+01	1.3035E-01	1.4013E-01	0.0000E+00	3.0189E+03	1.4150E+03	4.7992E+09	3.3720E+03	1.4000E+02	6
2.1218E+00	7.4180E+06	5.5024E+01	1.1435E-01	1.3206E-01	0.0000E+00	3.0946E+03	1.4584E+03	5.0987E+09	3.3730E+03	1.4000E+02	9
2.1072E+00	7.5426E+06	5.3655E+01	1.2268E-01	1.2877E-01	0.0000E+00	3.0967E+03	1.4696E+03	5.2604E+09	3.3740E+03	1.4000E+02	9
2.0873E+00	7.4017E+06	5.2866E+01	1.2933E-01	1.2688E-01	0.0000E+00	3.0388E+03	1.4559E+03	5.1626E+09	3.3750E+03	1.4000E+02	9
2.0862E+00	7.2962E+06	5.1836E+01	1.3563E-01	1.2441E-01	0.0000E+00	2.9955E+03	1.4359E+03	5.0220E+09	3.3760E+03	1.4000E+02	9
2.0940E+00	7.2706E+06	5.0822E+01	1.4733E-01	1.2197E-01	0.0000E+00	2.9850E+03	1.4255E+03	4.9494E+09	3.3770E+03	1.4000E+02	7
2.0825E+00	7.3750E+06	5.1205E+01	1.4585E-01	1.2289E-01	0.0000E+00	2.9909E+03	1.4362E+03	5.0861E+09	3.3780E+03	1.4000E+02	7
2.0548E+00	7.5075E+06	5.3143E+01	1.3844E-01	1.2754E-01	0.0000E+00	3.0374E+03	1.4782E+03	5.4008E+09	3.3790E+03	1.4000E+02	9
2.0213E+00	7.7787E+06	5.3988E+01	1.1946E-01	1.2965E-01	5.5000E-03	3.1471E+03	1.5570E+03	5.9920E+09	3.3800E+03	1.4000E+02	9
1.9745E+00	8.2045E+06	5.2611E+01	7.8510E-02	1.2707E-01	0.0000E+00	3.3194E+03	1.6811E+03	6.9855E+09	3.3810E+03	1.4000E+02	6
1.9261E+00	8.7685E+06	5.0973E+01	7.5605E-02	1.2433E-01	0.0000E+00	3.5476E+03	1.8418E+03	8.3848E+09	3.3820E+03	1.4000E+02	6
1.8689E+00	8.7223E+06	5.1702E+01	7.5475E-02	1.2621E-01	0.0000E+00	3.5289E+03	1.8882E+03	8.8127E+09	3.3830E+03	1.4000E+02	6
1.7810E+00	8.3640E+06	5.3508E+01	7.6065E-02	1.3028E-01	0.0000E+00	3.3516E+03	1.8819E+03	8.8378E+09	3.3840E+03	1.4000E+02	9
1.7416E+00	8.1280E+06	5.4618E+01	7.8315E-02	1.3331E-01	0.0000E+00	3.2571E+03	1.8702E+03	8.7284E+09	3.3850E+03	1.4000E+02	6
1.7634E+00	8.2227E+06	5.4360E+01	1.0866E-01	1.3495E-01	0.0000E+00	3.2950E+03	1.8685E+03	8.7129E+09	3.3860E+03	1.4000E+02	6
1.7831E+00	8.2551E+06	5.0704E+01	1.2946E-01	1.3218E-01	0.0000E+00	3.3080E+03	1.8552E+03	8.5885E+09	3.3870E+03	1.4000E+02	6
1.7954E+00	7.9816E+06	5.0935E+01	1.3663E-01	1.4052E-01	0.0000E+00	3.3243E+03	1.8516E+03	8.2314E+09	3.3880E+03	1.4000E+02	50
1.8188E+00	8.2163E+06	5.2428E+01	1.3664E-01	1.5096E-01	3.4030E-01	3.4495E+03	1.8965E+03	8.5673E+09	3.3890E+03	1.4000E+02	50
1.8004E+00	8.3018E+06	5.1154E+01	1.3989E-01	1.6085E-01	6.7050E-01	3.4854E+03	1.9359E+03	8.9269E+09	3.3900E+03	1.4000E+02	60
1.7209E+00	7.6526E+06	4.7408E+01	1.5276E-01	1.7440E-01	7.7220E-01	3.2128E+03	1.8670E+03	8.3024E+09	3.3910E+03	1.4000E+02	50
1.7599E+00	7.3172E+06	4.2038E+01	2.1243E-01	2.0310E-01	5.8850E-01	3.0720E+03	1.7456E+03	7.2575E+09	3.3920E+03	1.4000E+02	30
1.8193E+00	6.7175E+06	3.6816E+01	2.5905E-01	2.2379E-01	3.9590E-01	3.0550E+03	1.6792E+03	6.2006E+09	3.3930E+03	1.4000E+02	30
1.8281E+00	6.6802E+06	3.2251E+01	2.7949E-01	2.3798E-01	8.4570E-01	3.0402E+03	1.6630E+03	6.0769E+09	3.3940E+03	1.4000E+02	30
1.7945E+00	6.4247E+06	3.0731E+01	2.9580E-01	2.5501E-01	1.4705E+00	2.9239E+03	1.6294E+03	5.8337E+09	3.3950E+03	1.4000E+02	30
1.7722E+00	6.2790E+06	2.8293E+01	2.8920E-01	2.7309E-01	1.6571E+00	2.8576E+03	1.6124E+03	5.7128E+09	3.3960E+03	1.4000E+02	30
1.7847E+00	6.2892E+06	2.4776E+01	2.5962E-01	2.8009E-01	1.7917E+00	2.8622E+03	1.6038E+03	5.6517E+09	3.3970E+03	1.4000E+02	30
1.7901E+00	6.2865E+06	2.2766E+01	2.7644E-01	2.8263E-01	2.1314E+00	2.8807E+03	1.6093E+03	5.6516E+09	3.3980E+03	1.4000E+02	30
1.8050E+00	6.3303E+06	2.2028E+01	2.7327E-01	2.8444E-01	1.8925E+00	2.9007E+03	1.6071E+03	5.6364E+09	3.3990E+03	1.4000E+02	30
1.7905E+00	6.2804E+06	2.1862E+01	2.7648E-01	2.9015E-01	1.6374E+00	2.8779E+03	1.6073E+03	5.6375E+09	3.4000E+03	1.4000E+02	30
1.8067E+00	6.1750E+06	2.2143E+01	2.9743E-01	2.9794E-01	2.5521E+00	2.8296E+03	1.5661E+03	5.3528E+09	3.4010E+03	1.4000E+02	20
1.8666E+00	6.1404E+06	2.1550E+01	3.1375E-01	3.0086E-01	3.9859E+00	2.8137E+03	1.5074E+03	4.9589E+09	3.4020E+03	1.4000E+02	20
1.8688E+00	6.0439E+06	1.9833E+01	3.3829E-01	2.9803E-01	4.5422E+00	2.7941E+03	1.4951E+03	4.8352E+09	3.4030E+03	1.4000E+02	20
1.8645E+00	6.0780E+06	1.9408E+01	2.9047E-01	2.9917E-01	4.7055E+00	2.8057E+03	1.5048E+03	4.9055E+09	3.4040E+03	1.4000E+02	30
1.8852E+00	6.1325E+06	1.8953E+01	2.8306E-01	3.0038E-01	5.4936E+00	2.8309E+03	1.5016E+03	4.8846E+09	3.4050E+03	1.4000E+02	30
1.8958E+00	6.1904E+06	1.8898E+01	2.7015E-01	2.9905E-01	5.5792E+00	2.8576E+03	1.5074E+03	4.9221E+09	3.4060E+03	1.4000E+02	30
1.9093E+00	6.1726E+06	1.9459E+01	2.6457E-01	2.9408E-01	4.5248E+00	2.8494E+03	1.4924E+03	4.8248E+09	3.4070E+03	1.4000E+02	30
1.9114E+00	6.1771E+06	2.0258E+01	2.9452E-01	2.8683E-01	3.5850E+00	2.8287E+03	1.4799E+03	4.7827E+09	3.4080E+03	1.4000E+02	30
1.8988E+00	6.1992E+06	2.1452E+01	2.6989E-01	2.8414E-01	4.1467E+00	2.8389E+03	1.4951E+03	4.8814E+09	3.4090E+03	1.4000E+02	30
1.9318E+00	6.3239E+06	2.1828E+01	2.7582E-01	2.8289E-01	4.8411E+00	2.8959E+03	1.4991E+03	4.9073E+09	3.4100E+03	1.4000E+02	30
1.9596E+00	6.3314E+06	2.1393E+01	3.0109E-01	2.7848E-01	4.9984E+00	2.8994E+03	1.4796E+03	4.7805E+09	3.4110E+03	1.4000E+02	20
1.9415E+00	6.5518E+06	2.1828E+01	2.7606E-01	2.6670E-01	4.5417E+00	2.8609E+03	1.4736E+03	4.9729E+09	3.4120E+03	1.4000E+02	30
1.9058E+00	6.5227E+06	2.3612E+01	2.2047E-01	2.5757E-01	4.0345E+00	2.8774E+03	1.5098E+03	5.1673E+09	3.4130E+03	1.4000E+02	50
1.9007E+00	6.6798E+06	2.5240E+01	1.6303E-01	2.5364E-01	3.7501E+00	2.9467E+03	1.5503E+03	5.4481E+09	3.4140E+03	1.4000E+02	50
1.9294E+00	6.8803E+06	2.5266E+01	2.0302E-01	2.5062E-01	3.1922E+00	3.0351E+03	1.5731E+03	5.6098E+09	3.4150E+03	1.4000E+02	30
1.9437E+00	6.9019E+06	2.5378E+01	2.2776E-01	2.4680E-01	2.5551E+00	3.0446E+03	1.5664E+03	5.5622E+09	3.4160E+03	1.4000E+02	30
1.9293E+00	6.7257E+06	2.5928E+01	2.6078E-01	2.4694E-01	2.2861E+00	2.9669E+03	1.5378E+03	5.3609E+09	3.4170E+03	1.4000E+02	30
1.9248E+00	6.2726E+06	2.5012E+01	2.7947E-01	2.5366E-01	2.5403E+00	2.8849E+03	1.4988E+03	4.8843E+09	3.4180E+03	1.4000E+02	30
1.9244E+00	6.1362E+06	2.4907E+01	2.9640E-01	2.7418E-01	2.9943E+00	2.8222E+03	1.4665E+03	4.6763E+09	3.4190E+03	1.4000E+02	20
1.9185E+00	6.0799E+06	2.3806E+01	3.0382E-01	2.8741E-01	2.7917E+00	2.7962E+03	1.4575E+03	4.6191E+09	3.4200E+03	1.4000E+02	20
1.9217E+00	6.0847E+06	2.1312E+01	3.0102E-01	2.9116E-01	2.1550E+00	2.7985E+03	1.4562E+03	4.6107E+09	3.4210E+03	1.4000E+02	20
1.9196E+00	6.1248E+06	1.9823E+01	2.7886E-01	2.9277E-01	1.9908E+00	2.8042E+03	1.4608E+03	4.6608E+09	3.4220E+03	1.4000E+02	30
1.9418E+00	6.2758E+06	1.8675E+01	2.7079E-01	2.9209E-01	2.6070E+00	2.8507E+03	1.4681E+03	4.7447E+09	3.4230E+03	1.4000E+02	30
1.9463E+00	6.2988E+06	1.7736E+01	3.0881E-01	2.8880E-01	3.4181E+00	2.8611E+03	1.4701E+03	4.7576E+09	3.4240E+03	1.4000E+02	20
1.9207E+00	6.2368E+06	1.7270E+01	3.0435E-01	2.8257E-01	4.0516E+00	2.8330E+03	1.4750E+03	4.7897E+09	3.4250E+03	1.4000E+02	30
1.9059E+00	6.2067E+06	1.8316E+01	2.4869E-01	2.7404E-01	4.5587E+00	2.8193E+03	1.4792E+03	4.8172E+09	3.4260E+03	1.4000E+02	30
1.9053E+00	6.2685E+06	1.8427E+01	2.4431E-01	2.6093E-01	4.4792E+00	2.8474E+03	1.4945E+03	4.9170E+09	3.4270E+03	1.4000E+02	30
1.8832E+00	6.5890E+06	1.7804E+01	2.2168E-01	2.5350E-01	4.2859E+00	2.9015E+03	1.5407E+03	5.3908E+09	3.4280E+03	1.4000E+02	50
1.8626E+00	6.8272E+06	1.8176E+01	1.6893E-01	2.5159E-01	4.6396E+00	3.0064E+03	1.6140E+03	5.9159E+09	3.4290E+03	1.4000E+02	40
1.8768E+00	7.0864E+06	1.9375E+01	2.4702E-01	2.5152E-01	5.0492E+00	3.1205E+03	1.6627E+03	6.2779E+09	3.4300E+03	1.4000E+02	30
1.9011E+00	7.0066E+06	1.9374E+01	2.6693E-01	2.5051E-01	4.4868E+00	3.0854E+03	1.6230E+03	5.9815E+09	3.4310E+03	1.4000E+02	30
1.8803E+00	6.1769E+06	1.9126E+01	3.0912E-01	2.5131E-01	3.6988E+00	2.8401E+03	1.5104E+03	4.9617E+09	3.4320E+03	1.4000E+02	20
1.8604E+00	5.9620E+06	2.0405E+01	3.1050E-01	2.5492E-01	3.3783E+00	2.7193E+03	1.4617E+03	4.6842E+09	3.4330E+03	1.4000E+02	20
1.8498E+00	5.9141E+06	2.3343E+01	2.8598E-01	2.5892E-01	3.2143E+00	2.6974E+03	1.4582E+03	4.6622E+09	3.4340E+03	1.4000E+02	30
1.8540E+00	5.9273E+06	2.4131E+01	2.7840E-01	2.5730E-01	2.8475E+00	2.7035E+03	1.4582E+03	4.6621E+09	3.4350E+03	1.4000E+02	30
1.9363E+00	6.0920E+06	2.3702E+01	2.5587E-01	2.5523E-01	2.3063E+00	2.7786E+03	1.4350E+03	4.5148E+09	3.4360E+03	1.4000E+02	30
2.0700E+00	6.3803E+06	2.4893E+01	2.3896E-01	2.5507E-01	2.1999E+00	2.9101E+03	1.4058E+03	4.3332E+09	3.4370E+03	1.4000E+02	30
2.1260E+00	6.6934E+06	2.7547E+01	2.7619E-01	2.4422E-01	2.0324E+00	2.9578E+03	1.3913E+03	4.3802E+09	3.4380E+03	1.4000E+02	30
2.0817E+00	6.3934E+06	3.1455E+01	2.6596E-01	2.3138E-01	1.3579E+00	2.8252E+03	1.3571E+03	4.1679E+09	3.4390E+03	1.4000E+02	30
2.0328E+00	5.8990E+06	3.4458E+01	2.2324E-01	2.1883E-01	1.3625E+00	2.6067E+03	1.2823E+03	3.7213E+09	3.4400E+03	1.4000E+02	70
2.0814E+00	5.9671E+06	3.5290E+01	1.6841E-01	2.0216E-01	1.7839E+00	2.6368E+03	1.2669E+03	3.6320E+09	3.4410E+03	1.4000E+02	70
2.0746E+00	6.9683E+06	3.7158E+01	1.0371E-01	1.8120E-01	1.6895E+00	2.7786E+03	1.3394E+03	4.4986E+09	3.4420E+03	1.4000E+02	60
2.3052E+00	8.3556E+06	4.1873E+01	4.9185E-02	1.6340E-01	0.0000E+00	3.3688E+03	1.4614E+03	5.2972E+09	3.4430E+03	1.4000E+02	60
2.2877E+00	9.1329E+06	4.5315E+01	5.4230E-02	1.4330E-01	0.0000E+00	3.6822E+03	1.6095E+03	6.4254E+09	3.4440E+03	1.4000E+02	60
2.2321E+00	9.1845E+06	4.7238E+01	7.9140E-02	1.2377E-01	0.0000E+00	3.7030E+03	1.6590E+03	6.8263E+09	3.4450E+03	1.4000E+02	60
2.1773E+00	8.5015E+06	5.1121E+01	1.4480E-01	1.2328E-01	0.0000E+00	3.4276E+03	1.5742E+03	6.1466E+09	3.4460E+03	1.4000E+02	70
1.9339E+00	6.8847E+06	5.4755E+01	1.6572E-01	1.3145E-01	0.0000E+00	2.7758E+03	1.4353E+03	5.1097E+09	3.4470E+03	1.4000E+02	70
2.0015E+00	6.3868E+06	5.6166E+01	1.7280E-01	1.3632E-01	0.0000E+00	2.6944E+03	1.3462E+03	4.2958E+09	3.4480E+03	1.4000E+02	70
2.1004E+00	6.6332E+06	5.6703E+01	1.8817E-01	1.3970E-01	0.0000E+00	2.7983E+03	1.3323E+03	4.2074E+09	3.4490E+03	1.4000E+02	70
2.1761E+00	6.8329E+06	5.8636E+01	1.5658E-01	1.4416E-01	0.0000E+00	2.8826E+03	1.3247E+03	4.1594E+09	3.4500E+03	1.4000E+02	70
2.1420E+00	6.7286E+06	6.0167E+01	1.6441E-01	1.4619E-01	0.0000E+00	2.8386E+03	1.3252E+03	4.1627E+09	3.4510E+03	1.4000E+02	70
2.1192E+00	6.8202E+06	5.7853E+01	1.7722E-01	1.3897E-01	0.0000E+00	2.8449E+03	1.3424E+03	4.3203E+09	3.4520E+03	1.4000E+02	70
2.1356E+00	6.9315E+06	5.5224E+01	1.5042E-01	1.3254E-01	0.0000E+00	2.8898E+03	1.3532E+03	4.3920E+09	3.4530E+03	1.4000E+02	70
2.1780E+00	7.0175E+06	5.5059E+01	1.4177E-01	1.3214E-01	0.0000E+00	2.9257E+03	1.3433E+03	4.3281E+09	3.4540E+03	1.4000E+02	70
2.1515E+00	6.9288E+06	5.5770E+01	1.5342E-01	1.3417E-01	0.0000E+00	2.8887E+03	1.3427E+03	4.3240E+09	3.4550E+03	1.4000E+02	70
2.1474E+00	7.0716E+06	5.4392E+01	1.3703E-01	1.3212E-01	0.0000E+00	2.9482E+03	1.3729E+03	4.5212E+09	3.4560E+03	1.4000E+02	90
2.1512E+00	7.2462E+06	5.2311E+01	1.3649E-01	1.2856E-01	0.0000E+00	3.0059E+03	1.3973E+03	4.7066E+09	3.4570E+03	1.4000E+02	90
2.1305E+00	7.1932E+06	5.1280E+01	1.7509E-01	1.2591E-01	0.0000E+00	2.9644E+03	1.3914E+03	4.6979E+09	3.4580E+03	1.4000E+02	70
2.0946E+00	6.9824E+06	5.0971E+01	1.6471E-01	1.2407E-01	0.0000E+00	2.8776E+03	1.3738E+03	4.5799E+09	3.4590E+03	1.4000E+02	90
2.0498E+00	6.8877E+06	4.9467E+01	1.3838E-01	1.2032E-01	0.0000E+00	2.8385E+03	1.3848E+03	4.6533E+09	3.4600E+03	1.4000E+02	90
2.0932E+00	7.2860E+06	4.7916E+01	8.5455E-02	1.1668E-01	0.0000E+00	3.0027E+03	1.4345E+03	4.9931E+09	3.4610E+03	1.4000E+02	60
2.1773E+00	8.4179E+06	4.6793E+01	5.7180E-02	1.1308E-01	0.0000E+00	3.3183E+03	1.5241E+03	5.8926E+09	3.4620E+03	1.4000E+02	60
2.1747E+00	8.9475E+06	4.4984E+01	6.0475E-02	1.0798E-01	0.0000E+00	3.5271E+03	1.6219E+03	6.6729E+09	3.4630E+03	1.4000E+02	60
2.0959E+00	8.9324E+06	4.3070E+01	6.2320E-02	1.0370E-01	0.0000E+00	3.5211E+03	1.6800E+03	7.1600E+09	3.4640E+03	1.4000E+02	60
2.0018E+00	8.6076E+06	4.1846E+01	6.7330E-02	1.0249E-01	0.0000E+00	3.3931E+03	1.6950E+03	7.2884E+09	3.4650E+03	1.4000E+02	60
1.9613E+00	8.3032E+06	4.0824E+01	7.4905E-02	1.0067E-01	0.0000E+00	3.2731E+03	1.6689E+03	7.0653E+09	3.4660E+03	1.4000E+02	60
1.8741E+00	7.8846E+06	4.0850E+01	8.3515E-02	1.0005E-01	0.0000E+00	3.1617E+03	1.6870E+03	7.0975E+09	3.4670E+03	1.4000E+02	60
1.7525E+00	7.5952E+06	4.3082E+01	8.4925E-02	1.0591E-01	0.0000E+00	3.0737E+03	1.7539E+03	7.6014E+09	3.4680E+03	1.4000E+02	60
1.7972E+00	7.6502E+06	4.5053E+01	9.5750E-02	1.1173E-01	0.0000E+00	3.0960E+03	1.7227E+03	7.3332E+09	3.4690E+03	1.4000E+02	60
1.8619E+00	7.7390E+06	4.6707E+01	1.1151E-01	1.1606E-01	0.0000E+00	3.1319E+03	1.6821E+03	6.9913E+09	3.4700E+03	1.4000E+02	60
1.8714E+00	7.4229E+06	5.0553E+01	1.3361E-01	1.2430E-01	0.0000E+00	3.0040E+03	1.6052E+03	6.3672E+09	3.4710E+03	1.4000E+02	60
1.9062E+00	5.9053E+06	3.5758E+01	2.0185E-01	2.0185E-01	7.7023E+00	2.6678E+03	1.3995E+03	4.3358E+09	3.1890E+03	1.5900E+02	3
1.9124E+00	5.6217E+06	3.4762E+01	2.1144E-01	2.1144E-01	1.2490E+01	2.5512E+03	1.3340E+03	3.9213E+09	3.1900E+03	1.5900E+02	3
1.8468E+00	5.6024E+06	3.0169E+01	2.1090E-01	2.1090E-01	1.0909E+01	2.5015E+03	1.3546E+03	4.1093E+09	3.1910E+03	1.5900E+02	4
1.8312E+00	5.6049E+06	2.7250E+01	2.1521E-01	2.1521E-01	7.6509E+00	2.4940E+03	1.3619E+03	4.1684E+09	3.1920E+03	1.5900E+02	4
1.7907E+00	5.8507E+06	2.7285E+01	2.2284E-01	2.2284E-01	1.1937E+01	2.5376E+03	1.4171E+03	4.6302E+09	3.1930E+03	1.5900E+02	4
1.8385E+00	6.0810E+06	2.5926E+01	2.2664E-01	2.2664E-01	1.3794E+01	2.6107E+03	1.4200E+03	4.6966E+09	3.1940E+03	1.5900E+02	4
1.9004E+00	6.1780E+06	2.5774E+01	2.3164E-01	2.3164E-01	1.1612E+01	2.7009E+03	1.4212E+03	4.6204E+09	3.1950E+03	1.5900E+02	4
1.9168E+00	6.2444E+06	2.6166E+01	2.3835E-01	2.3835E-01	1.2575E+01	2.7278E+03	1.4231E+03	4.6359E+09	3.1960E+03	1.5900E+02	4
1.8681E+00	6.1854E+06	2.5898E+01	2.4457E-01	2.4457E-01	1.6861E+01	2.7224E+03	1.4573E+03	4.8254E+09	3.1970E+03	1.5900E+02	4
1.8378E+00	6.1145E+06	2.5992E+01	2.5534E-01	2.5534E-01	2.1036E+01	2.7071E+03	1.4730E+03	4.9008E+09	3.1980E+03	1.5900E+02	4
1.8674E+00	6.0443E+06	2.5377E+01	2.6223E-01	2.6223E-01	1.9168E+01	2.7084E+03	1.4504E+03	4.6945E+09	3.1990E+03	1.5900E+02	4
1.9106E+00	6.1498E+06	2.5343E+01	2.6531E-01	2.6531E-01	1.6666E+01	2.7367E+03	1.4324E+03	4.6106E+09	3.2000E+03	1.5900E+02	4
1.9277E+00	6.1535E+06	2.3848E+01	2.6615E-01	2.6615E-01	2.1396E+01	2.7478E+03	1.4254E+03	4.5502E+09	3.2010E+03	1.5900E+02	4
1.9127E+00	6.0317E+06	2.5175E+01	2.7343E-01	2.7343E-01	2.0218E+01	2.7362E+03	1.4306E+03	4.5115E+09	3.2020E+03	1.5900E+02	4
1.8908E+00	6.0976E+06	2.6174E+01	2.7830E-01	2.7830E-01	1.7938E+01	2.7068E+03	1.4316E+03	4.6168E+09	3.2030E+03	1.5900E+02	4
1.9064E+00	6.0876E+06	2.4301E+01	2.7823E-01	2.7823E-01	1.6942E+01	2.6913E+03	1.4117E+03	4.5077E+09	3.2040E+03	1.5900E+02	4
1.8964E+00	5.8881E+06	2.7340E+01	2.8231E-01	2.8231E-01	1.4766E+01	2.6352E+03	1.3896E+03	4.3143E+09	3.2050E+03	1.5900E+02	4
1.9106E+00	5.9397E+06	2.8173E+01	2.8010E-01	2.8010E-01	1.7328E+01	2.6318E+03	1.3775E+03	4.2824E+09	3.2060E+03	1.5900E+02	3
1.9586E+00	5.9076E+06	2.5934E+01	2.7896E-01	2.7896E-01	1.6494E+01	2.6682E+03	1.3623E+03	4.1092E+09	3.2070E+03	1.5900E+02	3
1.9459E+00	5.9170E+06	2.5260E+01	2.7661E-01	2.7661E-01	1.7853E+01	2.7053E+03	1.3902E+03	4.2273E+09	3.2080E+03	1.5900E+02	3
1.9293E+00	5.9011E+06	2.5821E+01	2.7087E-01	2.7087E-01	1.8899E+01	2.7229E+03	1.4114E+03	4.3170E+09	3.2090E+03	1.5900E+02	3
1.9555E+00	5.7163E+06	1.1360E+01	3.1687E-01	3.1687E-01	2.7839E+01	2.7487E+03	1.4056E+03	4.1088E+09	3.2410E+03	1.5900E+02	2
1.9439E+00	5.8275E+06	1.1680E+01	3.1900E-01	3.1900E-01	2.9880E+01	2.7787E+03	1.4295E+03	4.2853E+09	3.2420E+03	1.5900E+02	2
1.9414E+00	5.9713E+06	1.2696E+01	3.2016E-01	3.2016E-01	2.9484E+01	2.8061E+03	1.4454E+03	4.4458E+09	3.2430E+03	1.5900E+02	3
1.9568E+00	6.1044E+06	1.3858E+01	3.2417E-01	3.2417E-01	2.4619E+01	2.7957E+03	1.4287E+03	4.4567E+09	3.2440E+03	1.5900E+02	2
1.9210E+00	5.8104E+06	1.4173E+01	3.2953E-01	3.2953E-01	2.4335E+01	2.7588E+03	1.4362E+03	4.3440E+09	3.2450E+03	1.5900E+02	2
1.9466E+00	5.6483E+06	1.3470E+01	3.3294E-01	3.3294E-01	2.8825E+01	2.7268E+03	1.4008E+03	4.0648E+09	3.2460E+03	1.5900E+02	2
1.9955E+00	5.6274E+06	1.2261E+01	3.3158E-01	3.3158E-01	2.6437E+01	2.7186E+03	1.3624E+03	3.8421E+09	3.2470E+03	1.5900E+02	2
2.0041E+00	5.6557E+06	1.2481E+01	3.3385E-01	3.3385E-01	2.3073E+01	2.7304E+03	1.3624E+03	3.8449E+09	3.2480E+03	1.5900E+02	2
2.0032E+00	5.7116E+06	1.2148E+01	3.3274E-01	3.3274E-01	2.8768E+01	2.7349E+03	1.3653E+03	3.8928E+09	3.2490E+03	1.5900E+02	2
1.9953E+00	5.7299E+06	1.0868E+01	3.3077E-01	3.3077E-01	3.2776E+01	2.7375E+03	1.3720E+03	3.9400E+09	3.2500E+03	1.5900E+02	2
2.0142E+00	5.7208E+06	1.0371E+01	3.2711E-01	3.2711E-01	2.5810E+01	2.7422E+03	1.3615E+03	3.8670E+09	3.2510E+03	1.5900E+02	2
2.0024E+00	5.7163E+06	1.0915E+01	3.2649E-01	3.2649E-01	2.8139E+01	2.7537E+03	1.3752E+03	3.9258E+09	3.2520E+03	1.5900E+02	2
1.9951E+00	5.7460E+06	1.2754E+01	3.2300E-01	3.2300E-01	3.2200E+01	2.7593E+03	1.3831E+03	3.9833E+09	3.2530E+03	1.5900E+02	2
2.0140E+00	5.7774E+06	1.3835E+01	3.1583E-01	3.1583E-01	2.9807E+01	2.7634E+03	1.3721E+03	3.9359E+09	3.2540E+03	1.5900E+02	2
1.9677E+00	5.8326E+06	1.3652E+01	3.1074E-01	3.1074E-01	2.8595E+01	2.7372E+03	1.3911E+03	4.1235E+09	3.2550E+03	1.5900E+02	2
1.9308E+00	5.7733E+06	1.5114E+01	3.0334E-01	3.0334E-01	2.9709E+01	2.7176E+03	1.4075E+03	4.2085E+09	3.2560E+03	1.5900E+02	3
1.9469E+00	5.8066E+06	1.7146E+01	2.9776E-01	2.9776E-01	2.9229E+01	2.7055E+03	1.3897E+03	4.1447E+09	3.2570E+03	1.5900E+02	3
1.9708E+00	5.7968E+06	1.6298E+01	2.9237E-01	2.9237E-01	3.0466E+01	2.7251E+03	1.3828E+03	4.0673E+09	3.2580E+03	1.5900E+02	3
1.9514E+00	5.8655E+06	1.7594E+01	2.9796E-01	2.9796E-01	3.1032E+01	2.7050E+03	1.3862E+03	4.1664E+09	3.2590E+03	1.5900E+02	3
1.9498E+00	5.7003E+06	1.9073E+01	2.9652E-01	2.9652E-01	3.2049E+01	2.6566E+03	1.3625E+03	3.9833E+09	3.2600E+03	1.5900E+02	2
1.9481E+00	5.4904E+06	1.9468E+01	2.8976E-01	2.8976E-01	2.9340E+01	2.6132E+03	1.3415E+03	3.7807E+09	3.2610E+03	1.5900E+02	3
2.0002E+00	5.6679E+06	2.3611E+01	2.8788E-01	2.8788E-01	2.8436E+01	2.6450E+03	1.3223E+03	3.7470E+09	3.2620E+03	1.5900E+02	3
2.0289E+00	5.7409E+06	2.5375E+01	2.8210E-01	2.8210E-01	3.1938E+01	2.6513E+03	1.3068E+03	3.6975E+09	3.2630E+03	1.5900E+02	3
2.0385E+00	6.0179E+06	2.7453E+01	2.7143E-01	2.7143E-01	3.0696E+01	2.6798E+03	1.3146E+03	3.8807E+09	3.2640E+03	1.5900E+02	3
2.0301E+00	6.0510E+06	3.6014E+01	2.5367E-01	2.5367E-01	2.4437E+01	2.7410E+03	1.3502E+03	4.0243E+09	3.2650E+03	1.5900E+02	5
1.9911E+00	6.6090E+06	3.8304E+01	2.2864E-01	2.2864E-01	2.1892E+01	2.8276E+03	1.4202E+03	4.7139E+09	3.2660E+03	1.5900E+02	60
2.0978E+00	7.4519E+06	3.7931E+01	2.0493E-01	2.0493E-01	2.2219E+01	3.0831E+03	1.4697E+03	5.2209E+09	3.2670E+03	1.5900E+02	60
2.1741E+00	8.1328E+06	4.1327E+01	2.0983E-01	2.0983E-01	1.6488E+01	3.2804E+03	1.5089E+03	5.6444E+09	3.2680E+03	1.5900E+02	30
2.1065E+00	7.8120E+06	3.9830E+01	1.9232E-01	1.9232E-01	1.2426E+01	3.3241E+03	1.5780E+03	5.8523E+09	3.2690E+03	1.5900E+02	50
2.0448E+00	7.7651E+06	3.7781E+01	1.6924E-01	1.6924E-01	1.1072E+01	3.2819E+03	1.6050E+03	6.0951E+09	3.2700E+03	1.5900E+02	50
2.0633E+00	8.0632E+06	3.7198E+01	1.7463E-01	1.7463E-01	1.1024E+01	3.2851E+03	1.5922E+03	6.2222E+09	3.2710E+03	1.5900E+02	30
1.9178E+00	6.8680E+06	3.3821E+01	2.0104E-01	2.0104E-01	1.4385E+01	3.0233E+03	1.5764E+03	5.6456E+09	3.2720E+03	1.5900E+02	30
1.8287E+00	5.9177E+06	2.5885E+01	2.0681E-01	2.0681E-01	1.6224E+01	2.8186E+03	1.5413E+03	4.9878E+09	3.2730E+03	1.5900E+02	30
1.8079E+00	6.0436E+06	2.4895E+01	2.1522E-01	2.1522E-01	1.6603E+01	2.7894E+03	1.5429E+03	5.1577E+09	3.2740E+03	1.5900E+02	30
1.8700E+00	6.1887E+06	2.4558E+01	2.2886E-01	2.2886E-01	2.3408E+01	2.8613E+03	1.5301E+03	5.0636E+09	3.2750E+03	1.5900E+02	30
1.9377E+00	6.2858E+06	2.0752E+01	2.4025E-01	2.4025E-01	2.7816E+01	2.8962E+03	1.4946E+03	4.8484E+09	3.2760E+03	1.5900E+02	20
1.9104E+00	6.0902E+06	1.9061E+01	2.6556E-01	2.6556E-01	2.7750E+01	2.8271E+03	1.4799E+03	4.7180E+09	3.2770E+03	1.5900E+02	20
1.8935E+00	5.8184E+06	1.6790E+01	2.8296E-01	2.8296E-01	3.0657E+01	2.7758E+03	1.4660E+03	4.5046E+09	3.2780E+03	1.5900E+02	20
1.8343E+00	5.7685E+06	1.5468E+01	2.9165E-01	2.9165E-01	3.3512E+01	2.7297E+03	1.4881E+03	4.6798E+09	3.2790E+03	1.5900E+02	20
1.8807E+00	5.7385E+06	1.5641E+01	2.9785E-01	2.9785E-01	3.2717E+01	2.7204E+03	1.4465E+03	4.4138E+09	3.2800E+03	1.5900E+02	20
1.9081E+00	5.7309E+06	1.5712E+01	3.0332E-01	3.0332E-01	2.9449E+01	2.6897E+03	1.4096E+03	4.2338E+09	3.2810E+03	1.5900E+02	20
1.9176E+00	5.5994E+06	1.4411E+01	3.0304E-01	3.0304E-01	3.1838E+01	2.6612E+03	1.3878E+03	4.0524E+09	3.2820E+03	1.5900E+02	20
1.9241E+00	5.5258E+06	1.5255E+01	3.0521E-01	3.0521E-01	3.4002E+01	2.6404E+03	1.3723E+03	3.9410E+09	3.2830E+03	1.5900E+02	20
1.9216E+00	5.5032E+06	1.5561E+01	3.0163E-01	3.0163E-01	3.1706E+01	2.6397E+03	1.3737E+03	3.9341E+09	3.2840E+03	1.5900E+02	20
1.9388E+00	5.5519E+06	1.6048E+01	2.9056E-01	2.9056E-01	3.1916E+01	2.6567E+03	1.3703E+03	3.9238E+09	3.2850E+03	1.5900E+02	30
1.9153E+00	5.6922E+06	1.6947E+01	2.7765E-01	2.7765E-01	3.5982E+01	2.6649E+03	1.3913E+03	4.1349E+09	3.2860E+03	1.5900E+02	30
1.9585E+00	6.0017E+06	1.9322E+01	2.7464E-01	2.7464E-01	3.2666E+01	2.6909E+03	1.3740E+03	4.2106E+09	3.2870E+03	1.5900E+02	30
1.9882E+00	6.0101E+06	1.9006E+01	2.7167E-01	2.7167E-01	3.1567E+01	2.6758E+03	1.3459E+03	4.0685E+09	3.2880E+03	1.5900E+02	20
1.9740E+00	5.6194E+06	1.8648E+01	2.7319E-01	2.7319E-01	3.2983E+01	2.6538E+03	1.3444E+03	3.8273E+09	3.2890E+03	1.5900E+02	20
1.9281E+00	5.4759E+06	2.3651E+01	2.8578E-01	2.8578E-01	2.8987E+01	2.5998E+03	1.3484E+03	3.8296E+09	3.2900E+03	1.5900E+02	20
1.9057E+00	5.3751E+06	2.1293E+01	2.8744E-01	2.8744E-01	3.1344E+01	2.5697E+03	1.3485E+03	3.8036E+09	3.2910E+03	1.5900E+02	20
1.9018E+00	5.2846E+06	1.7896E+01	3.0205E-01	3.0205E-01	3.4196E+01	2.5288E+03	1.3297E+03	3.6950E+09	3.2920E+03	1.5900E+02	20
1.8849E+00	5.1823E+06	2.0698E+01	3.1911E-01	3.1911E-01	3.4048E+01	2.4973E+03	1.3249E+03	3.6425E+09	3.2930E+03	1.5900E+02	20
1.8459E+00	5.1475E+06	2.1742E+01	3.0032E-01	3.0032E-01	3.3647E+01	2.5255E+03	1.3682E+03	3.8153E+09	3.2940E+03	1.5900E+02	30
1.9871E+00	5.9335E+06	2.0485E+01	2.7011E-01	2.7011E-01	3.1650E+01	2.7439E+03	1.3809E+03	4.1234E+09	3.2950E+03	1.5900E+02	50
2.0057E+00	7.2016E+06	2.4147E+01	2.5701E-01	2.5701E-01	2.8614E+01	3.0964E+03	1.5438E+03	5.5433E+09	3.2960E+03	1.5900E+02	50
1.9588E+00	7.7754E+06	2.7140E+01	2.3675E-01	2.3675E-01	2.4989E+01	3.2740E+03	1.6714E+03	6.6344E+09	3.2970E+03	1.5900E+02	50
1.8155E+00	7.7020E+06	2.6759E+01	2.0867E-01	2.0867E-01	1.9318E+01	3.2972E+03	1.8162E+03	7.7048E+09	3.2980E+03	1.5900E+02	50
1.7701E+00	7.7095E+06	2.6288E+01	1.8380E-01	1.8380E-01	1.6556E+01	3.2890E+03	1.8581E+03	8.0926E+09	3.2990E+03	1.5900E+02	50
1.7686E+00	7.8039E+06	3.1429E+01	1.7513E-01	1.7513E-01	1.3933E+01	3.2960E+03	1.8636E+03	8.2230E+09	3.3000E+03	1.5900E+02	50
1.6897E+00	7.3012E+06	4.2029E+01	1.8223E-01	1.8223E-01	7.2957E+00	3.0459E+03	1.8026E+03	7.7887E+09	3.3010E+03	1.5900E+02	50
