1.2460E+01	1.8080E+01	1.4694E+10	3.7348E+01	9.0070E+09	5.9423E+00	3.2870E+03	1.4000E+02	5
1.8191E+01	1.9696E+01	1.3400E+10	3.2756E+01	7.9397E+09	6.6542E+00	3.2880E+03	1.4000E+02	4
2.2728E+01	2.1455E+01	1.0396E+10	3.2313E+01	7.0033E+09	7.0085E+00	3.2890E+03	1.4000E+02	4
2.3076E+01	2.2659E+01	8.2721E+09	3.1113E+01	5.9883E+09	8.6878E+00	3.2900E+03	1.4000E+02	4
2.2810E+01	2.2737E+01	7.0265E+09	2.5805E+01	4.7870E+09	1.0556E+01	3.2910E+03	1.4000E+02	4
2.5546E+01	2.3240E+01	6.2858E+09	2.4066E+01	4.2874E+09	1.0920E+01	3.2920E+03	1.4000E+02	4
2.4673E+01	2.3701E+01	7.4113E+09	2.6075E+01	4.2609E+09	1.0456E+01	3.2930E+03	1.4000E+02	4
2.4454E+01	2.3521E+01	8.7139E+09	2.6694E+01	4.5214E+09	1.0633E+01	3.2940E+03	1.4000E+02	4
2.3901E+01	2.3034E+01	1.0210E+10	2.5707E+01	4.7525E+09	1.0360E+01	3.2950E+03	1.4000E+02	4
2.2926E+01	2.2726E+01	1.0397E+10	2.5869E+01	4.9560E+09	9.5819E+00	3.2960E+03	1.4000E+02	4
2.3104E+01	2.2664E+01	1.0132E+10	2.6338E+01	5.3036E+09	1.0128E+01	3.2970E+03	1.4000E+02	4
2.1627E+01	2.2670E+01	1.0324E+10	2.5663E+01	5.4715E+09	1.1312E+01	3.2980E+03	1.4000E+02	4
2.1190E+01	2.2731E+01	1.0788E+10	2.4969E+01	5.5113E+09	1.0737E+01	3.2990E+03	1.4000E+02	4
2.2566E+01	2.2739E+01	1.1389E+10	2.4817E+01	5.5287E+09	9.8203E+00	3.3000E+03	1.4000E+02	4
2.2892E+01	2.2762E+01	1.1873E+10	2.4365E+01	5.4415E+09	1.2122E+01	3.3010E+03	1.4000E+02	4
2.2386E+01	2.3099E+01	1.1331E+10	2.4584E+01	5.3958E+09	1.4106E+01	3.3020E+03	1.4000E+02	4
2.3043E+01	2.3663E+01	1.1118E+10	2.5978E+01	5.5229E+09	1.3995E+01	3.3030E+03	1.4000E+02	3
2.4037E+01	2.3994E+01	1.1077E+10	2.7003E+01	5.6005E+09	1.4107E+01	3.3040E+03	1.4000E+02	3
2.4985E+01	2.4239E+01	1.1090E+10	2.7480E+01	5.4633E+09	1.6056E+01	3.3050E+03	1.4000E+02	3
2.5934E+01	2.4832E+01	1.1061E+10	2.8243E+01	5.4015E+09	1.6838E+01	3.3060E+03	1.4000E+02	3
2.3840E+01	2.6249E+01	1.1042E+10	3.1778E+01	5.5544E+09	1.5683E+01	3.3070E+03	1.4000E+02	3
2.3300E+01	2.6836E+01	1.1379E+10	3.1669E+01	5.9855E+09	1.5895E+01	3.3080E+03	1.4000E+02	1
2.8379E+01	2.6757E+01	1.2259E+10	2.8138E+01	6.3595E+09	1.7673E+01	3.3090E+03	1.4000E+02	1
3.0185E+01	2.7029E+01	1.2693E+10	2.4410E+01	6.5228E+09	1.8905E+01	3.3100E+03	1.4000E+02	1
2.8609E+01	2.7874E+01	1.2683E+10	2.3259E+01	6.5657E+09	1.9682E+01	3.3110E+03	1.4000E+02	1
2.8444E+01	2.8499E+01	1.2832E+10	2.3206E+01	6.5222E+09	2.1474E+01	3.3120E+03	1.4000E+02	1
3.0294E+01	2.8969E+01	1.2712E+10	2.2802E+01	6.4898E+09	2.2281E+01	3.3130E+03	1.4000E+02	1
2.9026E+01	2.9427E+01	1.2026E+10	2.4208E+01	6.4579E+09	2.2133E+01	3.3140E+03	1.4000E+02	1
3.0353E+01	2.9399E+01	1.1919E+10	2.6325E+01	6.4251E+09	2.2535E+01	3.3150E+03	1.4000E+02	1
3.0982E+01	2.9508E+01	1.1716E+10	2.8921E+01	6.3041E+09	2.2012E+01	3.3160E+03	1.4000E+02	1
3.1463E+01	2.9896E+01	1.1252E+10	3.4991E+01	6.1205E+09	1.9704E+01	3.3170E+03	1.4000E+02	1
3.0681E+01	2.9143E+01	1.1693E+10	3.7114E+01	5.7800E+09	1.7315E+01	3.3180E+03	1.4000E+02	1
3.0407E+01	2.8568E+01	1.2428E+10	3.8366E+01	5.6314E+09	1.5103E+01	3.3190E+03	1.4000E+02	1
2.9884E+01	2.8127E+01	1.3067E+10	3.7665E+01	5.6603E+09	1.3286E+01	3.3200E+03	1.4000E+02	1
2.9207E+01	2.7293E+01	1.3018E+10	3.5242E+01	5.7041E+09	1.2571E+01	3.3210E+03	1.4000E+02	1
2.9211E+01	2.6482E+01	1.2424E+10	3.2222E+01	5.8093E+09	1.3527E+01	3.3220E+03	1.4000E+02	1
2.9039E+01	2.6179E+01	1.1980E+10	2.8103E+01	5.9671E+09	1.4576E+01	3.3230E+03	1.4000E+02	1
2.8519E+01	2.6264E+01	1.2144E+10	2.1220E+01	6.3254E+09	1.5532E+01	3.3240E+03	1.4000E+02	1
2.4617E+01	2.7277E+01	1.2834E+10	1.9404E+01	6.7661E+09	1.7720E+01	3.3250E+03	1.4000E+02	1
2.3903E+01	2.7925E+01	1.3696E+10	1.8181E+01	6.9978E+09	1.9961E+01	3.3260E+03	1.4000E+02	1
3.0055E+01	2.8443E+01	1.3840E+10	1.8567E+01	6.7519E+09	1.8992E+01	3.3270E+03	1.4000E+02	1
3.1174E+01	2.9046E+01	1.2918E+10	2.1482E+01	6.3225E+09	1.8338E+01	3.3280E+03	1.4000E+02	1
3.2679E+01	2.9257E+01	1.1470E+10	2.7481E+01	5.7636E+09	1.8258E+01	3.3290E+03	1.4000E+02	1
3.2218E+01	2.8677E+01	1.0606E+10	3.5004E+01	5.5861E+09	1.5591E+01	3.3300E+03	1.4000E+02	1
3.0893E+01	2.7121E+01	1.0197E+10	4.1281E+01	5.5886E+09	1.0985E+01	3.3310E+03	1.4000E+02	1
3.0328E+01	2.4144E+01	1.0681E+10	4.7827E+01	5.6089E+09	7.3246E+00	3.3320E+03	1.4000E+02	1
2.9681E+01	2.1586E+01	1.1629E+10	5.2439E+01	5.7772E+09	5.2338E+00	3.3330E+03	1.4000E+02	1
2.3663E+01	1.9952E+01	1.1809E+10	5.4402E+01	5.9783E+09	3.3498E+00	3.3340E+03	1.4000E+02	3
1.8514E+01	1.8230E+01	1.1413E+10	5.0012E+01	5.8061E+09	2.7520E+00	3.3350E+03	1.4000E+02	5
1.1808E+01	1.7466E+01	1.2544E+10	4.2560E+01	5.7015E+09	5.2977E+00	3.3360E+03	1.4000E+02	6
1.5276E+01	1.7848E+01	1.4683E+10	3.6337E+01	5.6471E+09	1.0335E+01	3.3370E+03	1.4000E+02	6
1.1038E+01	1.8281E+01	1.7389E+10	2.9973E+01	5.6931E+09	1.2487E+01	3.3380E+03	1.4000E+02	6
2.0541E+01	1.9013E+01	1.8399E+10	2.4619E+01	5.7552E+09	1.3690E+01	3.3390E+03	1.4000E+02	3
2.9678E+01	2.0021E+01	1.6431E+10	2.2858E+01	6.1403E+09	1.4728E+01	3.3400E+03	1.4000E+02	2
2.5569E+01	2.1977E+01	1.3262E+10	1.9878E+01	6.3988E+09	1.6291E+01	3.3410E+03	1.4000E+02	3
2.2724E+01	2.2073E+01	1.2354E+10	1.7643E+01	6.4541E+09	1.6315E+01	3.3420E+03	1.4000E+02	3
2.8436E+01	2.1966E+01	1.2646E+10	1.8181E+01	6.4839E+09	1.5166E+01	3.3430E+03	1.4000E+02	3
2.1943E+01	2.2671E+01	1.2000E+10	1.8933E+01	6.7016E+09	1.5270E+01	3.3440E+03	1.4000E+02	5
1.6599E+01	2.3524E+01	1.1895E+10	1.7177E+01	7.1187E+09	1.7234E+01	3.3450E+03	1.4000E+02	8
1.8070E+01	2.4075E+01	1.4141E+10	1.5746E+01	7.0744E+09	1.8408E+01	3.3460E+03	1.4000E+02	5
2.8568E+01	2.4725E+01	1.4103E+10	1.4550E+01	6.7984E+09	1.9656E+01	3.3470E+03	1.4000E+02	2
2.9109E+01	2.7005E+01	1.1176E+10	1.3528E+01	6.1382E+09	2.0336E+01	3.3480E+03	1.4000E+02	2
3.2323E+01	2.8368E+01	9.9155E+09	1.3277E+01	5.4734E+09	2.2340E+01	3.3490E+03	1.4000E+02	2
3.3953E+01	3.0164E+01	9.6778E+09	1.2655E+01	5.1834E+09	2.3830E+01	3.3500E+03	1.4000E+02	2
3.3305E+01	3.0980E+01	9.3322E+09	1.1099E+01	4.9809E+09	2.4775E+01	3.3510E+03	1.4000E+02	1
3.3302E+01	3.1480E+01	8.8393E+09	9.8954E+00	4.8643E+09	2.4325E+01	3.3520E+03	1.4000E+02	2
3.4376E+01	3.2003E+01	8.9679E+09	9.4896E+00	4.7241E+09	2.4018E+01	3.3530E+03	1.4000E+02	1
3.3885E+01	3.1993E+01	9.0501E+09	9.1688E+00	4.5333E+09	2.5221E+01	3.3540E+03	1.4000E+02	1
3.4252E+01	3.1720E+01	8.9068E+09	8.4558E+00	4.5451E+09	2.5672E+01	3.3550E+03	1.4000E+02	2
3.4284E+01	3.1830E+01	8.6038E+09	8.3183E+00	4.7040E+09	2.4561E+01	3.3560E+03	1.4000E+02	2
3.4431E+01	3.2182E+01	8.5189E+09	8.7817E+00	4.8661E+09	2.3612E+01	3.3570E+03	1.4000E+02	1
3.4038E+01	3.2334E+01	8.8518E+09	9.1121E+00	4.9063E+09	2.3849E+01	3.3580E+03	1.4000E+02	1
3.4796E+01	3.2486E+01	9.0077E+09	9.8292E+00	4.7603E+09	2.4074E+01	3.3590E+03	1.4000E+02	1
3.4811E+01	3.2513E+01	8.8439E+09	1.0435E+01	4.6304E+09	2.3164E+01	3.3600E+03	1.4000E+02	1
3.4471E+01	3.2067E+01	8.5514E+09	1.0740E+01	4.5991E+09	2.2691E+01	3.3610E+03	1.4000E+02	1
3.4129E+01	3.0729E+01	8.4661E+09	1.1820E+01	4.5882E+09	2.3277E+01	3.3620E+03	1.4000E+02	2
3.3367E+01	2.8492E+01	8.6490E+09	1.5330E+01	4.6717E+09	2.2186E+01	3.3630E+03	1.4000E+02	1
2.8937E+01	2.4720E+01	8.9465E+09	2.1283E+01	5.0842E+09	1.9404E+01	3.3640E+03	1.4000E+02	3
2.4180E+01	2.1820E+01	8.9583E+09	2.6113E+01	4.7721E+09	1.5183E+01	3.3650E+03	1.4000E+02	9
1.9791E+01	1.9468E+01	1.0159E+10	3.0372E+01	4.1604E+09	1.2872E+01	3.3660E+03	1.4000E+02	7
1.8330E+01	1.8323E+01	1.1800E+10	4.2790E+01	3.8912E+09	9.1564E+00	3.3670E+03	1.4000E+02	7
1.7346E+01	1.5810E+01	1.3915E+10	5.3786E+01	4.1345E+09	3.4411E+00	3.3680E+03	1.4000E+02	7
1.6668E+01	1.4792E+01	1.4535E+10	5.9423E+01	4.0973E+09	4.3600E+02	3.3690E+03	1.4000E+02	7
1.5085E+01	1.4952E+01	1.4345E+10	6.2235E+01	4.1011E+09	0.0000E+00	3.3700E+03	1.4000E+02	9
1.7395E+01	1.4830E+01	1.4627E+10	6.1791E+01	4.3034E+09	0.0000E+00	3.3710E+03	1.4000E+02	9
1.3035E+01	1.4013E+01	1.5448E+10	5.8388E+01	4.7992E+09	0.0000E+00	3.3720E+03	1.4000E+02	6
1.1435E+01	1.3206E+01	1.6157E+10	5.5024E+01	5.0987E+09	0.0000E+00	3.3730E+03	1.4000E+02	9
1.2268E+01	1.2877E+01	1.6343E+10	5.3655E+01	5.2604E+09	0.0000E+00	3.3740E+03	1.4000E+02	9
1.2933E+01	1.2688E+01	1.5609E+10	5.2866E+01	5.1626E+09	0.0000E+00	3.3750E+03	1.4000E+02	9
1.3563E+01	1.2441E+01	1.5160E+10	5.1836E+01	5.0220E+09	0.0000E+00	3.3760E+03	1.4000E+02	9
1.4733E+01	1.2197E+01	1.5104E+10	5.0822E+01	4.9494E+09	0.0000E+00	3.3770E+03	1.4000E+02	7
1.4585E+01	1.2289E+01	1.5277E+10	5.1205E+01	5.0861E+09	0.0000E+00	3.3780E+03	1.4000E+02	7
1.3844E+01	1.2754E+01	1.5602E+10	5.3143E+01	5.4008E+09	0.0000E+00	3.3790E+03	1.4000E+02	9
1.1946E+01	1.2965E+01	1.6491E+10	5.3988E+01	5.9920E+09	5.5000E+03	3.3800E+03	1.4000E+02	9
7.8510E+00	1.2707E+01	1.7920E+10	5.2611E+01	6.9855E+09	0.0000E+00	3.3810E+03	1.4000E+02	6
7.5605E+00	1.2433E+01	1.9927E+10	5.0973E+01	8.3848E+09	0.0000E+00	3.3820E+03	1.4000E+02	6
7.5475E+00	1.2621E+01	1.9030E+10	5.1702E+01	8.8127E+09	0.0000E+00	3.3830E+03	1.4000E+02	6
7.6065E+00	1.3028E+01	1.6249E+10	5.3508E+01	8.8378E+09	0.0000E+00	3.3840E+03	1.4000E+02	9
7.8315E+00	1.3331E+01	1.4836E+10	5.4618E+01	8.7284E+09	0.0000E+00	3.3850E+03	1.4000E+02	6
1.0866E+01	1.3495E+01	1.5477E+10	5.4360E+01	8.7129E+09	0.0000E+00	3.3860E+03	1.4000E+02	6
1.2946E+01	1.3218E+01	1.5857E+10	5.0704E+01	8.5885E+09	0.0000E+00	3.3870E+03	1.4000E+02	6
1.3663E+01	1.4052E+01	1.5558E+10	5.0935E+01	8.2314E+09	0.0000E+00	3.3880E+03	1.4000E+02	50
1.3664E+01	1.5096E+01	1.6919E+10	5.2428E+01	8.5673E+09	3.4030E+01	3.3890E+03	1.4000E+02	50
1.3989E+01	1.6085E+01	1.7032E+10	5.1154E+01	8.9269E+09	6.7050E+01	3.3900E+03	1.4000E+02	60
1.5276E+01	1.7440E+01	1.3517E+10	4.7408E+01	8.3024E+09	7.7220E+01	3.3910E+03	1.4000E+02	50
2.1243E+01	2.0310E+01	1.2802E+10	4.2038E+01	7.2575E+09	5.8850E+01	3.3920E+03	1.4000E+02	30
2.5905E+01	2.2379E+01	1.2254E+10	3.6816E+01	6.2006E+09	3.9590E+01	3.3930E+03	1.4000E+02	30
2.7949E+01	2.3798E+01	1.2207E+10	3.2251E+01	6.0769E+09	8.4570E+01	3.3940E+03	1.4000E+02	30
2.9580E+01	2.5501E+01	1.1007E+10	3.0731E+01	5.8337E+09	1.4705E+00	3.3950E+03	1.4000E+02	30
2.8920E+01	2.7309E+01	1.0326E+10	2.8293E+01	5.7128E+09	1.6571E+00	3.3960E+03	1.4000E+02	30
2.5962E+01	2.8009E+01	1.0465E+10	2.4776E+01	5.6517E+09	1.7917E+00	3.3970E+03	1.4000E+02	30
2.7644E+01	2.8263E+01	1.0574E+10	2.2766E+01	5.6516E+09	2.1314E+00	3.3980E+03	1.4000E+02	30
2.7327E+01	2.8444E+01	1.0847E+10	2.2028E+01	5.6364E+09	1.8925E+00	3.3990E+03	1.4000E+02	30
2.7648E+01	2.9015E+01	1.0557E+10	2.1862E+01	5.6375E+09	1.6374E+00	3.4000E+03	1.4000E+02	30
2.9743E+01	2.9794E+01	1.0336E+10	2.2143E+01	5.3528E+09	2.5521E+00	3.4010E+03	1.4000E+02	20
3.1375E+01	3.0086E+01	1.0666E+10	2.1550E+01	4.9589E+09	3.9859E+00	3.4020E+03	1.4000E+02	20
3.3829E+01	2.9803E+01	1.0440E+10	1.9833E+01	4.8352E+09	4.5422E+00	3.4030E+03	1.4000E+02	20
2.9047E+01	2.9917E+01	1.0512E+10	1.9408E+01	4.9055E+09	4.7055E+00	3.4040E+03	1.4000E+02	30
2.8306E+01	3.0038E+01	1.0847E+10	1.8953E+01	4.8846E+09	5.4936E+00	3.4050E+03	1.4000E+02	30
2.7015E+01	2.9905E+01	1.1127E+10	1.8898E+01	4.9221E+09	5.5792E+00	3.4060E+03	1.4000E+02	30
2.6457E+01	2.9408E+01	1.1155E+10	1.9459E+01	4.8248E+09	4.5248E+00	3.4070E+03	1.4000E+02	30
2.9452E+01	2.8683E+01	1.1096E+10	2.0258E+01	4.7826E+09	3.5850E+00	3.4080E+03	1.4000E+02	30
2.6989E+01	2.8414E+01	1.1090E+10	2.1452E+01	4.8814E+09	4.1467E+00	3.4090E+03	1.4000E+02	30
2.7582E+01	2.8289E+01	1.1770E+10	2.1828E+01	4.9073E+09	4.8411E+00	3.4100E+03	1.4000E+02	30
3.0109E+01	2.7848E+01	1.1983E+10	2.1393E+01	4.7805E+09	4.9984E+00	3.4110E+03	1.4000E+02	20
2.7606E+01	2.6670E+01	1.2113E+10	2.1828E+01	4.9729E+09	4.5417E+00	3.4120E+03	1.4000E+02	30
2.2047E+01	2.5757E+01	1.1878E+10	2.3612E+01	5.1673E+09	4.0345E+00	3.4130E+03	1.4000E+02	50
1.6303E+01	2.5364E+01	1.2419E+10	2.5240E+01	5.4481E+09	3.7501E+00	3.4140E+03	1.4000E+02	50
2.0302E+01	2.5062E+01	1.3403E+10	2.5266E+01	5.6098E+09	3.1922E+00	3.4150E+03	1.4000E+02	30
2.2776E+01	2.4680E+01	1.3598E+10	2.5378E+01	5.5622E+09	2.5551E+00	3.4160E+03	1.4000E+02	30
2.6078E+01	2.4694E+01	1.2807E+10	2.5928E+01	5.3609E+09	2.2861E+00	3.4170E+03	1.4000E+02	30
2.7947E+01	2.5366E+01	1.1584E+10	2.5012E+01	4.8843E+09	2.5403E+00	3.4180E+03	1.4000E+02	30
2.9640E+01	2.7418E+01	1.1082E+10	2.4907E+01	4.6763E+09	2.9943E+00	3.4190E+03	1.4000E+02	20
3.0382E+01	2.8741E+01	1.0842E+10	2.3806E+01	4.6191E+09	2.7917E+00	3.4200E+03	1.4000E+02	20
3.0102E+01	2.9116E+01	1.0880E+10	2.1312E+01	4.6107E+09	2.1550E+00	3.4210E+03	1.4000E+02	20
2.7886E+01	2.9277E+01	1.0960E+10	1.9823E+01	4.6608E+09	1.9908E+00	3.4220E+03	1.4000E+02	30
2.7079E+01	2.9209E+01	1.1564E+10	1.8675E+01	4.7447E+09	2.6070E+00	3.4230E+03	1.4000E+02	30
3.0881E+01	2.8880E+01	1.1678E+10	1.7736E+01	4.7576E+09	3.4181E+00	3.4240E+03	1.4000E+02	20
3.0435E+01	2.8257E+01	1.1282E+10	1.7270E+01	4.7897E+09	4.0516E+00	3.4250E+03	1.4000E+02	30
2.4869E+01	2.7404E+01	1.1076E+10	1.8316E+01	4.8172E+09	4.5587E+00	3.4260E+03	1.4000E+02	30
2.4431E+01	2.6093E+01	1.1293E+10	1.8427E+01	4.9170E+09	4.4792E+00	3.4270E+03	1.4000E+02	30
2.2168E+01	2.5350E+01	1.1930E+10	1.7804E+01	5.3908E+09	4.2859E+00	3.4280E+03	1.4000E+02	50
1.6893E+01	2.5159E+01	1.2637E+10	1.8176E+01	5.9159E+09	4.6396E+00	3.4290E+03	1.4000E+02	40
2.4702E+01	2.5152E+01	1.3743E+10	1.9375E+01	6.2779E+09	5.0492E+00	3.4300E+03	1.4000E+02	30
2.6693E+01	2.5051E+01	1.3643E+10	1.9374E+01	5.9815E+09	4.4868E+00	3.4310E+03	1.4000E+02	30
3.0912E+01	2.5131E+01	1.0927E+10	1.9126E+01	4.9617E+09	3.6988E+00	3.4320E+03	1.4000E+02	20
3.1050E+01	2.5492E+01	9.9665E+09	2.0405E+01	4.6842E+09	3.3783E+00	3.4330E+03	1.4000E+02	20
2.8598E+01	2.5892E+01	9.7366E+09	2.3343E+01	4.6622E+09	3.2143E+00	3.4340E+03	1.4000E+02	30
2.7840E+01	2.5730E+01	9.8082E+09	2.4131E+01	4.6621E+09	2.8475E+00	3.4350E+03	1.4000E+02	30
2.5587E+01	2.5523E+01	1.0907E+10	2.3702E+01	4.5148E+09	2.3063E+00	3.4360E+03	1.4000E+02	30
2.3896E+01	2.5507E+01	1.2790E+10	2.4893E+01	4.3332E+09	2.1999E+00	3.4370E+03	1.4000E+02	30
2.7619E+01	2.4422E+01	1.3957E+10	2.7547E+01	4.3802E+09	2.0324E+00	3.4380E+03	1.4000E+02	30
2.6596E+01	2.3138E+01	1.2505E+10	3.1455E+01	4.1679E+09	1.3579E+00	3.4390E+03	1.4000E+02	30
2.2324E+01	2.1883E+01	1.0415E+10	3.4458E+01	3.7213E+09	1.3625E+00	3.4400E+03	1.4000E+02	70
1.6841E+01	2.0216E+01	1.0892E+10	3.5290E+01	3.6320E+09	1.7839E+00	3.4410E+03	1.4000E+02	70
1.0371E+01	1.8120E+01	1.3364E+10	3.7158E+01	4.4986E+09	1.6895E+00	3.4420E+03	1.4000E+02	60
4.9185E+00	1.6340E+01	2.1085E+10	4.1873E+01	5.2971E+09	0.0000E+00	3.4430E+03	1.4000E+02	60
5.4230E+00	1.4330E+01	2.5062E+10	4.5315E+01	6.4254E+09	0.0000E+00	3.4440E+03	1.4000E+02	60
7.9140E+00	1.2377E+01	2.4908E+10	4.7238E+01	6.8263E+09	0.0000E+00	3.4450E+03	1.4000E+02	60
1.4480E+01	1.2328E+01	2.0944E+10	5.1121E+01	6.1466E+09	0.0000E+00	3.4460E+03	1.4000E+02	70
1.6572E+01	1.3145E+01	1.2297E+10	5.4755E+01	5.1097E+09	0.0000E+00	3.4470E+03	1.4000E+02	70
1.7280E+01	1.3632E+01	1.1481E+10	5.6166E+01	4.2958E+09	0.0000E+00	3.4480E+03	1.4000E+02	70
1.8817E+01	1.3970E+01	1.2952E+10	5.6703E+01	4.2074E+09	0.0000E+00	3.4490E+03	1.4000E+02	70
1.5658E+01	1.4416E+01	1.4151E+10	5.8636E+01	4.1594E+09	0.0000E+00	3.4500E+03	1.4000E+02	70
1.6441E+01	1.4619E+01	1.3550E+10	6.0167E+01	4.1627E+09	0.0000E+00	3.4510E+03	1.4000E+02	70
1.7722E+01	1.3897E+01	1.3643E+10	5.7853E+01	4.3203E+09	0.0000E+00	3.4520E+03	1.4000E+02	70
1.5042E+01	1.3254E+01	1.4175E+10	5.5224E+01	4.3920E+09	0.0000E+00	3.4530E+03	1.4000E+02	70
1.4177E+01	1.3214E+01	1.4760E+10	5.5059E+01	4.3281E+09	0.0000E+00	3.4540E+03	1.4000E+02	70
1.5342E+01	1.3417E+01	1.4250E+10	5.5770E+01	4.3240E+09	0.0000E+00	3.4550E+03	1.4000E+02	70
1.3703E+01	1.3212E+01	1.4820E+10	5.4392E+01	4.5212E+09	0.0000E+00	3.4560E+03	1.4000E+02	90
1.3649E+01	1.2856E+01	1.5506E+10	5.2311E+01	4.7066E+09	0.0000E+00	3.4570E+03	1.4000E+02	90
1.7509E+01	1.2591E+01	1.5060E+10	5.1280E+01	4.6979E+09	0.0000E+00	3.4580E+03	1.4000E+02	70
1.6471E+01	1.2407E+01	1.3986E+10	5.0971E+01	4.5799E+09	0.0000E+00	3.4590E+03	1.4000E+02	90
1.3838E+01	1.2032E+01	1.3346E+10	4.9467E+01	4.6533E+09	0.0000E+00	3.4600E+03	1.4000E+02	90
8.5455E+00	1.1668E+01	1.5220E+10	4.7916E+01	4.9931E+09	0.0000E+00	3.4610E+03	1.4000E+02	60
5.7180E+00	1.1308E+01	2.0077E+10	4.6793E+01	5.8925E+09	0.0000E+00	3.4620E+03	1.4000E+02	60
6.0475E+00	1.0798E+01	2.2661E+10	4.4984E+01	6.6729E+09	0.0000E+00	3.4630E+03	1.4000E+02	60
6.2320E+00	1.0370E+01	2.1906E+10	4.3070E+01	7.1600E+09	0.0000E+00	3.4640E+03	1.4000E+02	60
6.7330E+00	1.0249E+01	1.9489E+10	4.1846E+01	7.2884E+09	0.0000E+00	3.4650E+03	1.4000E+02	60
7.4905E+00	1.0067E+01	1.7757E+10	4.0824E+01	7.0653E+09	0.0000E+00	3.4660E+03	1.4000E+02	60
8.3515E+00	1.0005E+01	1.5466E+10	4.0850E+01	7.0975E+09	0.0000E+00	3.4670E+03	1.4000E+02	60
8.4925E+00	1.0591E+01	1.3211E+10	4.3082E+01	7.6014E+09	0.0000E+00	3.4680E+03	1.4000E+02	60
9.5750E+00	1.1173E+01	1.3907E+10	4.5053E+01	7.3331E+09	0.0000E+00	3.4690E+03	1.4000E+02	60
1.9277E+01	1.9277E+01	1.1898E+10	3.0530E+01	4.8467E+09	8.3442E+00	3.1880E+03	1.5900E+02	3
2.0185E+01	2.0185E+01	9.9729E+09	3.0487E+01	4.3358E+09	7.7023E+00	3.1890E+03	1.5900E+02	3
2.1144E+01	2.1144E+01	9.1134E+09	2.9637E+01	3.9213E+09	1.2490E+01	3.1900E+03	1.5900E+02	3
2.1090E+01	2.1090E+01	8.5355E+09	2.5721E+01	4.1092E+09	1.0909E+01	3.1910E+03	1.5900E+02	3
2.1521E+01	2.1521E+01	8.4205E+09	2.3233E+01	4.1684E+09	7.6509E+00	3.1920E+03	1.5900E+02	4
2.2284E+01	2.2284E+01	8.6734E+09	2.3263E+01	4.6302E+09	1.1937E+01	3.1930E+03	1.5900E+02	4
2.2664E+01	2.2664E+01	9.6132E+09	2.2104E+01	4.6966E+09	1.3794E+01	3.1940E+03	1.5900E+02	4
2.3164E+01	2.3164E+01	1.0525E+10	2.1974E+01	4.6203E+09	1.1612E+01	3.1950E+03	1.5900E+02	4
2.3835E+01	2.3835E+01	1.0852E+10	2.2308E+01	4.6359E+09	1.2575E+01	3.1960E+03	1.5900E+02	4
2.4457E+01	2.4457E+01	1.0406E+10	2.2080E+01	4.8253E+09	1.6861E+01	3.1970E+03	1.5900E+02	4
2.5534E+01	2.5534E+01	1.0018E+10	2.2160E+01	4.9008E+09	2.1036E+01	3.1980E+03	1.5900E+02	4
2.6223E+01	2.6223E+01	1.0111E+10	2.1636E+01	4.6945E+09	1.9168E+01	3.1990E+03	1.5900E+02	4
2.6531E+01	2.6531E+01	1.0683E+10	2.1606E+01	4.6106E+09	1.6666E+01	3.2000E+03	1.5900E+02	4
2.6615E+01	2.6615E+01	1.0842E+10	2.0332E+01	4.5502E+09	2.1396E+01	3.2010E+03	1.5900E+02	4
2.7343E+01	2.7343E+01	1.0489E+10	2.1464E+01	4.5115E+09	2.0218E+01	3.2020E+03	1.5900E+02	4
2.7830E+01	2.7830E+01	1.0349E+10	2.2315E+01	4.6168E+09	1.7938E+01	3.2030E+03	1.5900E+02	4
2.7823E+01	2.7823E+01	1.0373E+10	2.0719E+01	4.5077E+09	1.6942E+01	3.2040E+03	1.5900E+02	4
2.8231E+01	2.8231E+01	9.7639E+09	2.3309E+01	4.3143E+09	1.4766E+01	3.2050E+03	1.5900E+02	4
2.8010E+01	2.8010E+01	9.9224E+09	2.4020E+01	4.2824E+09	1.7328E+01	3.2060E+03	1.5900E+02	4
2.7896E+01	2.7896E+01	1.0284E+10	2.2111E+01	4.1092E+09	1.6494E+01	3.2070E+03	1.5900E+02	3
2.7661E+01	2.7661E+01	1.0371E+10	2.1536E+01	4.2273E+09	1.7853E+01	3.2080E+03	1.5900E+02	3
2.7087E+01	2.7087E+01	1.0312E+10	2.2015E+01	4.3170E+09	1.8899E+01	3.2090E+03	1.5900E+02	3
2.7242E+01	2.7242E+01	1.0709E+10	2.0148E+01	4.5668E+09	1.7700E+01	3.2100E+03	1.5900E+02	3
2.7244E+01	2.7244E+01	1.1063E+10	1.5458E+01	4.8830E+09	2.4541E+01	3.2110E+03	1.5900E+02	3
2.7817E+01	2.7817E+01	1.1487E+10	1.2975E+01	5.3781E+09	2.3209E+01	3.2120E+03	1.5900E+02	1
2.8941E+01	2.8941E+01	1.1741E+10	1.2542E+01	5.8317E+09	2.2588E+01	3.2130E+03	1.5900E+02	1
2.9627E+01	2.9627E+01	1.2495E+10	9.3904E+00	6.1453E+09	2.5442E+01	3.2140E+03	1.5900E+02	1
2.9709E+01	2.9709E+01	1.3162E+10	6.7421E+00	6.3107E+09	2.0072E+01	3.2150E+03	1.5900E+02	1
2.9987E+01	2.9987E+01	1.3179E+10	6.5442E+00	6.4528E+09	2.2667E+01	3.2160E+03	1.5900E+02	1
2.9708E+01	2.9708E+01	1.3054E+10	6.5165E+00	6.4844E+09	2.9160E+01	3.2170E+03	1.5900E+02	1
2.9310E+01	2.9310E+01	1.3137E+10	5.9389E+00	6.3430E+09	2.2265E+01	3.2180E+03	1.5900E+02	1
2.9399E+01	2.9399E+01	1.3239E+10	5.9524E+00	6.3412E+09	2.4685E+01	3.2190E+03	1.5900E+02	1
2.9550E+01	2.9550E+01	1.3458E+10	7.3155E+00	6.1550E+09	3.0803E+01	3.2200E+03	1.5900E+02	1
2.9756E+01	2.9756E+01	1.3636E+10	9.3794E+00	6.0599E+09	2.2429E+01	3.2210E+03	1.5900E+02	1
2.9007E+01	2.9007E+01	1.3615E+10	7.0849E+00	6.2089E+09	2.2243E+01	3.2220E+03	1.5900E+02	1
2.8447E+01	2.8447E+01	1.3750E+10	6.1307E+00	6.2833E+09	3.0079E+01	3.2230E+03	1.5900E+02	1
2.8837E+01	2.8837E+01	1.3761E+10	8.0760E+00	6.4326E+09	2.6816E+01	3.2240E+03	1.5900E+02	1
2.9696E+01	2.9696E+01	1.3740E+10	1.0070E+01	6.4780E+09	2.3113E+01	3.2250E+03	1.5900E+02	1
2.8676E+01	2.8676E+01	1.3952E+10	7.5542E+00	6.4184E+09	3.1837E+01	3.2260E+03	1.5900E+02	1
2.8546E+01	2.8546E+01	1.3819E+10	6.6121E+00	6.3245E+09	3.2107E+01	3.2270E+03	1.5900E+02	1
2.9016E+01	2.9016E+01	1.2936E+10	6.9044E+00	6.2187E+09	3.2214E+01	3.2280E+03	1.5900E+02	1
2.8877E+01	2.8877E+01	1.2516E+10	7.8789E+00	6.1667E+09	3.9307E+01	3.2290E+03	1.5900E+02	1
2.9076E+01	2.9076E+01	1.2534E+10	7.1098E+00	6.2669E+09	3.9463E+01	3.2300E+03	1.5900E+02	1
2.8641E+01	2.8641E+01	1.2777E+10	5.9009E+00	6.2283E+09	3.7694E+01	3.2310E+03	1.5900E+02	1
2.7732E+01	2.7732E+01	1.2288E+10	8.3297E+00	5.9032E+09	4.2025E+01	3.2320E+03	1.5900E+02	1
2.7360E+01	2.7360E+01	1.2062E+10	1.2694E+01	5.7169E+09	3.3955E+01	3.2330E+03	1.5900E+02	1
2.6879E+01	2.6879E+01	1.2455E+10	1.2950E+01	5.6604E+09	3.3329E+01	3.2340E+03	1.5900E+02	3
2.7118E+01	2.7118E+01	1.1020E+10	1.3388E+01	5.2911E+09	3.0469E+01	3.2350E+03	1.5900E+02	3
2.7806E+01	2.7806E+01	1.1016E+10	1.2341E+01	4.8072E+09	2.7240E+01	3.2360E+03	1.5900E+02	3
3.0188E+01	3.0188E+01	1.1268E+10	1.1806E+01	4.5097E+09	3.0359E+01	3.2370E+03	1.5900E+02	2
3.1733E+01	3.1733E+01	1.0819E+10	9.6288E+00	4.2283E+09	2.9888E+01	3.2380E+03	1.5900E+02	2
3.2844E+01	3.2844E+01	1.0322E+10	8.8675E+00	4.1617E+09	3.0535E+01	3.2390E+03	1.5900E+02	2
3.1791E+01	3.1791E+01	1.0088E+10	8.3790E+00	4.0898E+09	3.0254E+01	3.2400E+03	1.5900E+02	2
3.1687E+01	3.1687E+01	1.0234E+10	9.6856E+00	4.1088E+09	2.7839E+01	3.2410E+03	1.5900E+02	2
3.1900E+01	3.1900E+01	1.0479E+10	9.9577E+00	4.2853E+09	2.9880E+01	3.2420E+03	1.5900E+02	2
3.2016E+01	3.2016E+01	1.0828E+10	1.0824E+01	4.4458E+09	2.9484E+01	3.2430E+03	1.5900E+02	2
3.2417E+01	3.2417E+01	1.1123E+10	1.1815E+01	4.4567E+09	2.4619E+01	3.2440E+03	1.5900E+02	3
3.2953E+01	3.2953E+01	1.0238E+10	1.2084E+01	4.3440E+09	2.4335E+01	3.2450E+03	1.5900E+02	2
3.3294E+01	3.3294E+01	9.9822E+09	1.1485E+01	4.0647E+09	2.8825E+01	3.2460E+03	1.5900E+02	2
3.3158E+01	3.3158E+01	1.0176E+10	1.0453E+01	3.8421E+09	2.6437E+01	3.2470E+03	1.5900E+02	2
3.3385E+01	3.3385E+01	1.0316E+10	1.0641E+01	3.8449E+09	2.3073E+01	3.2480E+03	1.5900E+02	2
3.3274E+01	3.3274E+01	1.0430E+10	1.0357E+01	3.8928E+09	2.8768E+01	3.2490E+03	1.5900E+02	2
3.3077E+01	3.3077E+01	1.0432E+10	9.2657E+00	3.9400E+09	3.2776E+01	3.2500E+03	1.5900E+02	2
3.2711E+01	3.2711E+01	1.0532E+10	8.8419E+00	3.8670E+09	2.5810E+01	3.2510E+03	1.5900E+02	2
3.2649E+01	3.2649E+01	1.0506E+10	9.3055E+00	3.9258E+09	2.8139E+01	3.2520E+03	1.5900E+02	2
3.2300E+01	3.2300E+01	1.0544E+10	1.0874E+01	3.9833E+09	3.2200E+01	3.2530E+03	1.5900E+02	2
3.1583E+01	3.1583E+01	1.0717E+10	1.1795E+01	3.9359E+09	2.9807E+01	3.2540E+03	1.5900E+02	2
3.1074E+01	3.1074E+01	1.0467E+10	1.1639E+01	4.1235E+09	2.8595E+01	3.2550E+03	1.5900E+02	2
3.0334E+01	3.0334E+01	1.0078E+10	1.2886E+01	4.2085E+09	2.9709E+01	3.2560E+03	1.5900E+02	2
2.9776E+01	2.9776E+01	1.0183E+10	1.4618E+01	4.1447E+09	2.9229E+01	3.2570E+03	1.5900E+02	3
2.9237E+01	2.9237E+01	1.0374E+10	1.3896E+01	4.0673E+09	3.0466E+01	3.2580E+03	1.5900E+02	3
2.9796E+01	2.9796E+01	1.0311E+10	1.5000E+01	4.1664E+09	3.1032E+01	3.2590E+03	1.5900E+02	3
2.9652E+01	2.9652E+01	9.8326E+09	1.6261E+01	3.9833E+09	3.2049E+01	3.2600E+03	1.5900E+02	3
2.8976E+01	2.8976E+01	9.3066E+09	1.6598E+01	3.7807E+09	2.9340E+01	3.2610E+03	1.5900E+02	2
2.8788E+01	2.8788E+01	9.9955E+09	2.0130E+01	3.7470E+09	2.8436E+01	3.2620E+03	1.5900E+02	3
2.8210E+01	2.8210E+01	1.0291E+10	2.1634E+01	3.6975E+09	3.1938E+01	3.2630E+03	1.5900E+02	3
2.7143E+01	2.7143E+01	1.0952E+10	2.3406E+01	3.8807E+09	3.0696E+01	3.2640E+03	1.5900E+02	3
2.5367E+01	2.5367E+01	1.1220E+10	3.0705E+01	4.0243E+09	2.4437E+01	3.2650E+03	1.5900E+02	3
2.2864E+01	2.2864E+01	1.2403E+10	3.2657E+01	4.7139E+09	2.1892E+01	3.2660E+03	1.5900E+02	5
2.0493E+01	2.0493E+01	1.6014E+10	3.2339E+01	5.2209E+09	2.2219E+01	3.2670E+03	1.5900E+02	60
2.0983E+01	2.0983E+01	1.9153E+10	3.5234E+01	5.6443E+09	1.6488E+01	3.2680E+03	1.5900E+02	60
1.9232E+01	1.9232E+01	1.8165E+10	3.3958E+01	5.8523E+09	1.2426E+01	3.2690E+03	1.5900E+02	30
1.6924E+01	1.6924E+01	1.7358E+10	3.2211E+01	6.0951E+09	1.1072E+01	3.2700E+03	1.5900E+02	50
1.7463E+01	1.7463E+01	1.8192E+10	3.1714E+01	6.2222E+09	1.1024E+01	3.2710E+03	1.5900E+02	50
2.0104E+01	2.0104E+01	1.3237E+10	2.8835E+01	5.6456E+09	1.4385E+01	3.2720E+03	1.5900E+02	30
2.0681E+01	2.0681E+01	1.0029E+10	2.2069E+01	4.9878E+09	1.6224E+01	3.2730E+03	1.5900E+02	30
2.1522E+01	2.1522E+01	9.9812E+09	2.1225E+01	5.1577E+09	1.6603E+01	3.2740E+03	1.5900E+02	30
2.2886E+01	2.2886E+01	1.0956E+10	2.0937E+01	5.0636E+09	2.3408E+01	3.2750E+03	1.5900E+02	30
2.4025E+01	2.4025E+01	1.1740E+10	1.7693E+01	4.8484E+09	2.7816E+01	3.2760E+03	1.5900E+02	30
2.6556E+01	2.6556E+01	1.0927E+10	1.6251E+01	4.7180E+09	2.7750E+01	3.2770E+03	1.5900E+02	20
2.8296E+01	2.8296E+01	1.0145E+10	1.4314E+01	4.5046E+09	3.0657E+01	3.2780E+03	1.5900E+02	20
2.9165E+01	2.9165E+01	9.5068E+09	1.3188E+01	4.6798E+09	3.3512E+01	3.2790E+03	1.5900E+02	20
2.9785E+01	2.9785E+01	9.7260E+09	1.3335E+01	4.4138E+09	3.2717E+01	3.2800E+03	1.5900E+02	20
3.0332E+01	3.0332E+01	9.7692E+09	1.3395E+01	4.2338E+09	2.9449E+01	3.2810E+03	1.5900E+02	20
3.0304E+01	3.0304E+01	9.4979E+09	1.2286E+01	4.0524E+09	3.1838E+01	3.2820E+03	1.5900E+02	20
3.0521E+01	3.0521E+01	9.3354E+09	1.3006E+01	3.9410E+09	3.4002E+01	3.2830E+03	1.5900E+02	20
3.0163E+01	3.0163E+01	9.2811E+09	1.3267E+01	3.9341E+09	3.1706E+01	3.2840E+03	1.5900E+02	20
2.9056E+01	2.9056E+01	9.5180E+09	1.3682E+01	3.9238E+09	3.1916E+01	3.2850E+03	1.5900E+02	20
2.7765E+01	2.7765E+01	9.6557E+09	1.4449E+01	4.1349E+09	3.5982E+01	3.2860E+03	1.5900E+02	30
2.7464E+01	2.7464E+01	1.0536E+10	1.6473E+01	4.2106E+09	3.2666E+01	3.2870E+03	1.5900E+02	30
2.7167E+01	2.7167E+01	1.0657E+10	1.6204E+01	4.0684E+09	3.1567E+01	3.2880E+03	1.5900E+02	30
2.7319E+01	2.7319E+01	9.8099E+09	1.5899E+01	3.8273E+09	3.2983E+01	3.2890E+03	1.5900E+02	20
2.8578E+01	2.8578E+01	9.1298E+09	2.0164E+01	3.8296E+09	2.8987E+01	3.2900E+03	1.5900E+02	20
2.8744E+01	2.8744E+01	8.7412E+09	1.8154E+01	3.8036E+09	3.1344E+01	3.2910E+03	1.5900E+02	20
3.0205E+01	3.0205E+01	8.4369E+09	1.5258E+01	3.6950E+09	3.4196E+01	3.2920E+03	1.5900E+02	20
3.1911E+01	3.1911E+01	8.0848E+09	1.7647E+01	3.6425E+09	3.4048E+01	3.2930E+03	1.5900E+02	20
3.0032E+01	3.0032E+01	7.9128E+09	1.8537E+01	3.8153E+09	3.3647E+01	3.2940E+03	1.5900E+02	20
2.7011E+01	2.7011E+01	1.0783E+10	1.7465E+01	4.1234E+09	3.1650E+01	3.2950E+03	1.5900E+02	30
2.5701E+01	2.5701E+01	1.4908E+10	2.0587E+01	5.5433E+09	2.8614E+01	3.2960E+03	1.5900E+02	50
2.3675E+01	2.3675E+01	1.6611E+10	2.3139E+01	6.6344E+09	2.4989E+01	3.2970E+03	1.5900E+02	50
2.0867E+01	2.0867E+01	1.5122E+10	2.2814E+01	7.7048E+09	1.9318E+01	3.2980E+03	1.5900E+02	50
1.8380E+01	1.8380E+01	1.4566E+10	2.2413E+01	8.0926E+09	1.6556E+01	3.2990E+03	1.5900E+02	50
1.7513E+01	1.7513E+01	1.4758E+10	2.6795E+01	8.2230E+09	1.3933E+01	3.3000E+03	1.5900E+02	50
1.8223E+01	1.8223E+01	1.1854E+10	3.5833E+01	7.7887E+09	7.2957E+00	3.3010E+03	1.5900E+02	50
1.5995E+01	1.5995E+01	1.0455E+10	3.2613E+01	5.3184E+09	4.1196E+00	3.3020E+03	1.5900E+02	50
1.4897E+01	1.4897E+01	9.3420E+09	3.8360E+01	3.8975E+09	9.7200E+02	3.3030E+03	1.5900E+02	50
1.5621E+01	1.5621E+01	1.2347E+10	5.1153E+01	3.9913E+09	0.0000E+00	3.3040E+03	1.5900E+02	30
1.4393E+01	1.4393E+01	1.4891E+10	4.9494E+01	3.9844E+09	0.0000E+00	3.3050E+03	1.5900E+02	90
1.4723E+01	1.4723E+01	1.6454E+10	5.1568E+01	3.8158E+09	3.3440E+01	3.3060E+03	1.5900E+02	90
1.4536E+01	1.4536E+01	1.8696E+10	5.1388E+01	3.7772E+09	7.1700E+02	3.3070E+03	1.5900E+02	90
1.4465E+01	1.4465E+01	2.0664E+10	5.0149E+01	3.6951E+09	0.0000E+00	3.3080E+03	1.5900E+02	60
1.4986E+01	1.4986E+01	1.8692E+10	5.2033E+01	3.6183E+09	0.0000E+00	3.3090E+03	1.5900E+02	60
