1.72183E+00	8.03758E+06	3.73475E+01	1.24600E-01	1.80796E-01	5.94230E+00	3.32227E+03	1.92950E+03	9.00696E+09	3.28700E+03	1.40000E+02
1.73813E+00	7.61780E+06	3.27563E+01	1.81910E-01	1.96958E-01	6.65420E+00	3.14876E+03	1.81158E+03	7.93972E+09	3.28800E+03	1.40000E+02
1.67863E+00	6.83260E+06	3.23129E+01	2.27275E-01	2.14548E-01	7.00850E+00	2.88819E+03	1.72056E+03	7.00328E+09	3.28900E+03	1.40000E+02
1.64763E+00	6.05944E+06	3.11125E+01	2.30755E-01	2.26588E-01	8.68780E+00	2.68283E+03	1.62829E+03	5.98831E+09	3.29000E+03	1.40000E+02
1.67367E+00	5.50326E+06	2.58054E+01	2.28095E-01	2.27372E-01	1.05559E+01	2.43658E+03	1.45583E+03	4.78697E+09	3.29100E+03	1.40000E+02
1.67315E+00	5.20659E+06	2.40658E+01	2.55455E-01	2.32398E-01	1.09196E+01	2.30523E+03	1.37778E+03	4.28743E+09	3.29200E+03	1.40000E+02
1.75292E+00	5.43790E+06	2.60746E+01	2.46725E-01	2.37005E-01	1.04557E+01	2.40764E+03	1.37350E+03	4.26088E+09	3.29300E+03	1.40000E+02
1.80572E+00	5.77765E+06	2.66938E+01	2.44535E-01	2.35212E-01	1.06330E+01	2.55163E+03	1.41308E+03	4.52136E+09	3.29400E+03	1.40000E+02
1.86592E+00	6.12729E+06	2.57071E+01	2.39005E-01	2.30344E-01	1.03599E+01	2.70044E+03	1.44724E+03	4.75246E+09	3.29500E+03	1.40000E+02
1.85237E+00	6.21170E+06	2.58688E+01	2.29260E-01	2.27260E-01	9.58190E+00	2.73764E+03	1.47791E+03	4.95602E+09	3.29600E+03	1.40000E+02
1.80105E+00	6.24781E+06	2.63383E+01	2.31040E-01	2.26636E-01	1.01281E+01	2.75355E+03	1.52886E+03	5.30360E+09	3.29700E+03	1.40000E+02
1.79451E+00	6.32292E+06	2.56625E+01	2.16270E-01	2.26703E-01	1.13123E+01	2.78665E+03	1.55288E+03	5.47154E+09	3.29800E+03	1.40000E+02
1.81407E+00	6.42025E+06	2.49692E+01	2.11900E-01	2.27313E-01	1.07372E+01	2.82494E+03	1.55724E+03	5.51131E+09	3.29900E+03	1.40000E+02
1.84208E+00	6.54026E+06	2.48167E+01	2.25660E-01	2.27389E-01	9.82030E+00	2.86841E+03	1.55716E+03	5.52865E+09	3.30000E+03	1.40000E+02
1.87492E+00	6.60418E+06	2.43646E+01	2.28915E-01	2.27618E-01	1.21220E+01	2.89644E+03	1.54484E+03	5.44150E+09	3.30100E+03	1.40000E+02
1.85293E+00	6.49924E+06	2.45837E+01	2.23860E-01	2.30989E-01	1.41061E+01	2.85042E+03	1.53833E+03	5.39578E+09	3.30200E+03	1.40000E+02
1.82931E+00	6.48369E+06	2.59775E+01	2.30430E-01	2.36633E-01	1.39951E+01	2.85048E+03	1.55822E+03	5.52288E+09	3.30300E+03	1.40000E+02
1.81967E+00	6.46322E+06	2.70033E+01	2.40365E-01	2.39937E-01	1.41067E+01	2.86923E+03	1.57678E+03	5.60051E+09	3.30400E+03	1.40000E+02
1.83394E+00	6.40971E+06	2.74800E+01	2.49845E-01	2.42390E-01	1.60560E+01	2.86673E+03	1.56315E+03	5.46332E+09	3.30500E+03	1.40000E+02
1.83877E+00	6.39015E+06	2.82425E+01	2.59335E-01	2.48317E-01	1.68384E+01	2.85798E+03	1.55429E+03	5.40152E+09	3.30600E+03	1.40000E+02
1.82242E+00	6.42234E+06	3.17779E+01	2.38395E-01	2.62494E-01	1.56826E+01	2.87237E+03	1.57613E+03	5.55438E+09	3.30700E+03	1.40000E+02
1.79843E+00	6.57917E+06	3.16688E+01	2.33000E-01	2.68357E-01	1.58946E+01	2.94251E+03	1.63616E+03	5.98551E+09	3.30800E+03	1.40000E+02
1.80584E+00	6.77443E+06	2.81375E+01	2.83790E-01	2.67566E-01	1.76730E+01	3.06134E+03	1.69524E+03	6.35950E+09	3.30900E+03	1.40000E+02
1.81087E+00	6.80820E+06	2.44096E+01	3.01845E-01	2.70294E-01	1.89052E+01	3.14176E+03	1.73495E+03	6.52275E+09	3.31000E+03	1.40000E+02
1.80693E+00	6.81567E+06	2.32592E+01	2.86085E-01	2.78737E-01	1.96815E+01	3.14521E+03	1.74064E+03	6.56565E+09	3.31100E+03	1.40000E+02
1.81682E+00	6.83028E+06	2.32058E+01	2.84435E-01	2.84989E-01	2.14744E+01	3.15195E+03	1.73487E+03	6.52217E+09	3.31200E+03	1.40000E+02
1.81441E+00	6.80426E+06	2.28021E+01	3.02940E-01	2.89691E-01	2.22809E+01	3.13994E+03	1.73056E+03	6.48984E+09	3.31300E+03	1.40000E+02
1.78761E+00	6.66656E+06	2.42083E+01	2.90255E-01	2.94272E-01	2.21334E+01	3.09554E+03	1.73167E+03	6.45795E+09	3.31400E+03	1.40000E+02
1.78561E+00	6.63520E+06	2.63250E+01	3.03525E-01	2.93989E-01	2.25351E+01	3.08743E+03	1.72906E+03	6.42505E+09	3.31500E+03	1.40000E+02
1.78659E+00	6.57601E+06	2.89212E+01	3.09820E-01	2.95083E-01	2.20120E+01	3.05989E+03	1.71270E+03	6.30405E+09	3.31600E+03	1.40000E+02
1.78095E+00	6.45912E+06	3.49908E+01	3.14630E-01	2.98961E-01	1.97043E+01	3.00550E+03	1.68758E+03	6.12050E+09	3.31700E+03	1.40000E+02
1.83201E+00	6.45687E+06	3.71138E+01	3.06810E-01	2.91428E-01	1.73151E+01	3.00445E+03	1.63997E+03	5.78002E+09	3.31800E+03	1.40000E+02
1.88157E+00	6.55380E+06	3.83658E+01	3.04070E-01	2.85679E-01	1.51027E+01	3.04205E+03	1.61676E+03	5.63142E+09	3.31900E+03	1.40000E+02
1.90835E+00	6.68030E+06	3.76650E+01	2.98835E-01	2.81267E-01	1.32863E+01	3.08573E+03	1.61696E+03	5.66025E+09	3.32000E+03	1.40000E+02
1.90144E+00	6.68182E+06	3.52417E+01	2.92065E-01	2.72934E-01	1.25708E+01	3.08644E+03	1.62321E+03	5.70408E+09	3.32100E+03	1.40000E+02
1.86334E+00	6.60803E+06	3.22221E+01	2.92110E-01	2.64817E-01	1.35269E+01	3.05235E+03	1.63811E+03	5.80929E+09	3.32200E+03	1.40000E+02
1.82784E+00	6.56958E+06	2.81029E+01	2.90385E-01	2.61793E-01	1.45756E+01	3.03459E+03	1.66020E+03	5.96706E+09	3.32300E+03	1.40000E+02
1.80368E+00	6.70839E+06	2.12204E+01	2.85190E-01	2.62638E-01	1.55315E+01	3.06753E+03	1.70071E+03	6.32543E+09	3.32400E+03	1.40000E+02
1.79725E+00	6.92194E+06	1.94038E+01	2.46170E-01	2.72773E-01	1.77198E+01	3.15739E+03	1.75678E+03	6.76608E+09	3.32500E+03	1.40000E+02
1.81398E+00	7.10496E+06	1.81813E+01	2.39030E-01	2.79248E-01	1.99612E+01	3.24087E+03	1.78661E+03	6.99776E+09	3.32600E+03	1.40000E+02
1.83933E+00	7.07656E+06	1.85667E+01	3.00545E-01	2.84429E-01	1.89921E+01	3.22791E+03	1.75494E+03	6.75187E+09	3.32700E+03	1.40000E+02
1.83751E+00	6.84106E+06	2.14817E+01	3.11735E-01	2.90464E-01	1.83379E+01	3.12050E+03	1.69822E+03	6.32246E+09	3.32800E+03	1.40000E+02
1.82305E+00	6.39337E+06	2.74813E+01	3.26785E-01	2.92565E-01	1.82577E+01	2.99610E+03	1.64346E+03	5.76355E+09	3.32900E+03	1.40000E+02
1.79777E+00	6.20695E+06	3.50042E+01	3.22180E-01	2.86768E-01	1.55913E+01	2.90874E+03	1.61797E+03	5.58615E+09	3.33000E+03	1.40000E+02
1.77706E+00	6.13678E+06	4.12808E+01	3.08930E-01	2.71213E-01	1.09853E+01	2.87585E+03	1.61832E+03	5.58861E+09	3.33100E+03	1.40000E+02
1.79934E+00	6.22497E+06	4.78271E+01	3.03275E-01	2.41438E-01	7.32460E+00	2.91718E+03	1.62125E+03	5.60888E+09	3.33200E+03	1.40000E+02
1.82929E+00	6.56636E+06	5.24387E+01	2.96805E-01	2.15861E-01	5.23380E+00	2.94416E+03	1.60945E+03	5.77724E+09	3.33300E+03	1.40000E+02
1.81899E+00	6.81732E+06	5.44021E+01	2.36625E-01	1.99519E-01	3.34980E+00	2.90148E+03	1.59511E+03	5.97825E+09	3.33400E+03	1.40000E+02
1.81634E+00	6.70383E+06	5.00117E+01	1.85135E-01	1.82295E-01	2.75200E+00	2.85731E+03	1.57311E+03	5.80610E+09	3.33500E+03	1.40000E+02
1.87974E+00	6.87503E+06	4.25604E+01	1.18080E-01	1.74658E-01	5.29770E+00	2.93028E+03	1.55888E+03	5.70152E+09	3.33600E+03	1.40000E+02
1.98328E+00	7.21900E+06	3.63371E+01	1.52760E-01	1.78482E-01	1.03350E+01	3.07689E+03	1.55142E+03	5.64708E+09	3.33700E+03	1.40000E+02
2.09468E+00	7.65550E+06	2.99733E+01	1.10375E-01	1.82811E-01	1.24867E+01	3.26294E+03	1.55772E+03	5.69306E+09	3.33800E+03	1.40000E+02
2.12846E+00	7.67933E+06	2.46188E+01	2.05410E-01	1.90125E-01	1.36896E+01	3.39523E+03	1.59516E+03	5.75523E+09	3.33900E+03	1.40000E+02
2.00233E+00	7.46203E+06	2.28583E+01	2.96780E-01	2.00210E-01	1.47282E+01	3.29915E+03	1.64766E+03	6.14027E+09	3.34000E+03	1.40000E+02
1.84550E+00	7.02086E+06	1.98779E+01	2.55685E-01	2.19766E-01	1.62913E+01	3.10410E+03	1.68198E+03	6.39878E+09	3.34100E+03	1.40000E+02
1.80206E+00	6.88517E+06	1.76425E+01	2.27235E-01	2.20732E-01	1.63145E+01	3.04411E+03	1.68924E+03	6.45409E+09	3.34200E+03	1.40000E+02
1.81211E+00	6.95915E+06	1.81808E+01	2.84360E-01	2.19664E-01	1.51660E+01	3.05950E+03	1.68836E+03	6.48391E+09	3.34300E+03	1.40000E+02
1.76747E+00	6.90014E+06	1.89329E+01	2.19430E-01	2.26708E-01	1.52701E+01	3.03409E+03	1.71663E+03	6.70165E+09	3.34400E+03	1.40000E+02
1.73330E+00	6.96689E+06	1.71767E+01	1.65985E-01	2.35238E-01	1.72336E+01	3.06979E+03	1.77107E+03	7.11873E+09	3.34500E+03	1.40000E+02
1.82545E+00	7.31442E+06	1.57458E+01	1.80700E-01	2.40754E-01	1.84082E+01	3.22292E+03	1.76555E+03	7.07440E+09	3.34600E+03	1.40000E+02
1.84602E+00	7.25110E+06	1.45504E+01	2.85675E-01	2.47253E-01	1.96564E+01	3.19502E+03	1.73076E+03	6.79839E+09	3.34700E+03	1.40000E+02
1.77599E+00	6.47695E+06	1.35275E+01	2.91085E-01	2.70051E-01	2.03364E+01	2.98918E+03	1.68310E+03	6.13819E+09	3.34800E+03	1.40000E+02
1.77339E+00	6.02562E+06	1.32767E+01	3.23230E-01	2.83677E-01	2.23396E+01	2.85669E+03	1.61086E+03	5.47337E+09	3.34900E+03	1.40000E+02
1.78896E+00	5.91535E+06	1.26550E+01	3.39525E-01	3.01635E-01	2.38296E+01	2.80441E+03	1.56762E+03	5.18345E+09	3.35000E+03	1.40000E+02
1.79079E+00	5.80454E+06	1.10992E+01	3.33045E-01	3.09801E-01	2.47750E+01	2.75188E+03	1.53668E+03	4.98089E+09	3.35100E+03	1.40000E+02
1.77497E+00	5.68553E+06	9.89542E+00	3.33015E-01	3.14804E-01	2.43253E+01	2.69546E+03	1.51860E+03	4.86432E+09	3.35200E+03	1.40000E+02
1.79768E+00	5.67468E+06	9.48958E+00	3.43755E-01	3.20030E-01	2.40176E+01	2.69031E+03	1.49655E+03	4.72409E+09	3.35300E+03	1.40000E+02
1.82474E+00	5.61000E+06	9.16875E+00	3.38845E-01	3.19932E-01	2.52205E+01	2.69065E+03	1.47453E+03	4.53332E+09	3.35400E+03	1.40000E+02
1.81466E+00	5.58625E+06	8.45583E+00	3.42515E-01	3.17199E-01	2.56722E+01	2.67925E+03	1.47645E+03	4.54510E+09	3.35500E+03	1.40000E+02
1.77831E+00	5.56919E+06	8.31833E+00	3.42835E-01	3.18302E-01	2.45608E+01	2.67107E+03	1.50203E+03	4.70397E+09	3.35600E+03	1.40000E+02
1.75613E+00	5.59372E+06	8.78167E+00	3.44310E-01	3.21819E-01	2.36115E+01	2.68284E+03	1.52770E+03	4.86611E+09	3.35700E+03	1.40000E+02
1.77130E+00	5.69617E+06	9.11208E+00	3.40380E-01	3.23340E-01	2.38490E+01	2.70242E+03	1.52567E+03	4.90625E+09	3.35800E+03	1.40000E+02
1.79600E+00	5.68900E+06	9.82917E+00	3.47955E-01	3.24859E-01	2.40735E+01	2.69902E+03	1.50280E+03	4.76027E+09	3.35900E+03	1.40000E+02
1.80091E+00	5.62622E+06	1.04354E+01	3.48110E-01	3.25126E-01	2.31635E+01	2.66924E+03	1.48216E+03	4.63040E+09	3.36000E+03	1.40000E+02
1.78681E+00	5.56326E+06	1.07404E+01	3.44710E-01	3.20667E-01	2.26908E+01	2.63937E+03	1.47714E+03	4.59909E+09	3.36100E+03	1.40000E+02
1.78285E+00	5.54432E+06	1.18204E+01	3.41290E-01	3.07286E-01	2.32766E+01	2.63038E+03	1.47538E+03	4.58816E+09	3.36200E+03	1.40000E+02
1.78457E+00	5.59996E+06	1.53296E+01	3.33670E-01	2.84923E-01	2.21859E+01	2.65678E+03	1.48875E+03	4.67166E+09	3.36300E+03	1.40000E+02
1.75869E+00	5.93347E+06	2.12829E+01	2.89370E-01	2.47198E-01	1.94039E+01	2.65029E+03	1.50696E+03	5.08418E+09	3.36400E+03	1.40000E+02
1.79181E+00	5.85668E+06	2.61125E+01	2.41795E-01	2.18204E-01	1.51831E+01	2.61599E+03	1.45997E+03	4.77206E+09	3.36500E+03	1.40000E+02
1.94296E+00	5.92978E+06	3.03717E+01	1.97905E-01	1.94684E-01	1.28717E+01	2.64864E+03	1.36320E+03	4.16037E+09	3.36600E+03	1.40000E+02
2.08946E+00	6.16712E+06	4.27900E+01	1.83295E-01	1.83231E-01	9.15640E+00	2.75465E+03	1.31836E+03	3.89117E+09	3.36700E+03	1.40000E+02
2.16769E+00	6.81049E+06	5.37858E+01	1.73455E-01	1.58099E-01	3.44110E+00	2.85256E+03	1.31594E+03	4.13445E+09	3.36800E+03	1.40000E+02
2.20924E+00	6.92364E+06	5.94225E+01	1.66675E-01	1.47919E-01	4.36000E-02	2.88834E+03	1.30739E+03	4.09728E+09	3.36900E+03	1.40000E+02
2.19797E+00	6.89153E+06	6.22346E+01	1.50850E-01	1.49517E-01	0.00000E+00	2.87494E+03	1.30800E+03	4.10110E+09	3.37000E+03	1.40000E+02
2.17540E+00	6.98691E+06	6.17913E+01	1.73950E-01	1.48299E-01	0.00000E+00	2.91474E+03	1.33986E+03	4.30336E+09	3.37100E+03	1.40000E+02
2.13356E+00	7.23659E+06	5.83875E+01	1.30350E-01	1.40129E-01	0.00000E+00	3.01889E+03	1.41496E+03	4.79923E+09	3.37200E+03	1.40000E+02
2.12184E+00	7.41795E+06	5.50238E+01	1.14350E-01	1.32057E-01	0.00000E+00	3.09455E+03	1.45843E+03	5.09866E+09	3.37300E+03	1.40000E+02
2.10718E+00	7.54263E+06	5.36546E+01	1.22675E-01	1.28771E-01	0.00000E+00	3.09670E+03	1.46959E+03	5.26038E+09	3.37400E+03	1.40000E+02
2.08731E+00	7.40171E+06	5.28658E+01	1.29330E-01	1.26878E-01	0.00000E+00	3.03884E+03	1.45586E+03	5.16256E+09	3.37500E+03	1.40000E+02
2.08615E+00	7.29616E+06	5.18358E+01	1.35630E-01	1.24406E-01	0.00000E+00	2.99551E+03	1.43590E+03	5.02198E+09	3.37600E+03	1.40000E+02
2.09403E+00	7.27058E+06	5.08221E+01	1.47325E-01	1.21973E-01	0.00000E+00	2.98501E+03	1.42549E+03	4.94937E+09	3.37700E+03	1.40000E+02
2.08253E+00	7.37503E+06	5.12046E+01	1.45850E-01	1.22891E-01	0.00000E+00	2.99093E+03	1.43620E+03	5.08613E+09	3.37800E+03	1.40000E+02
2.05479E+00	7.50747E+06	5.31425E+01	1.38440E-01	1.27543E-01	0.00000E+00	3.03737E+03	1.47819E+03	5.40077E+09	3.37900E+03	1.40000E+02
2.02128E+00	7.77872E+06	5.39875E+01	1.19460E-01	1.29654E-01	5.50000E-03	3.14712E+03	1.55700E+03	5.99198E+09	3.38000E+03	1.40000E+02
1.97449E+00	8.20447E+06	5.26108E+01	7.85100E-02	1.27065E-01	0.00000E+00	3.31936E+03	1.68113E+03	6.98548E+09	3.38100E+03	1.40000E+02
1.92611E+00	8.76852E+06	5.09725E+01	7.56050E-02	1.24332E-01	0.00000E+00	3.54756E+03	1.84183E+03	8.38482E+09	3.38200E+03	1.40000E+02
1.86887E+00	8.72229E+06	5.17017E+01	7.54750E-02	1.26212E-01	0.00000E+00	3.52886E+03	1.88824E+03	8.81269E+09	3.38300E+03	1.40000E+02
1.78099E+00	8.36399E+06	5.35083E+01	7.60650E-02	1.30282E-01	0.00000E+00	3.35163E+03	1.88189E+03	8.83782E+09	3.38400E+03	1.40000E+02
1.74156E+00	8.12800E+06	5.46183E+01	7.83150E-02	1.33309E-01	0.00000E+00	3.25706E+03	1.87020E+03	8.72838E+09	3.38500E+03	1.40000E+02
1.76342E+00	8.22272E+06	5.43596E+01	1.08655E-01	1.34948E-01	0.00000E+00	3.29502E+03	1.86854E+03	8.71288E+09	3.38600E+03	1.40000E+02
1.78314E+00	8.25511E+06	5.07038E+01	1.29455E-01	1.32181E-01	0.00000E+00	3.30800E+03	1.85515E+03	8.58850E+09	3.38700E+03	1.40000E+02
1.79539E+00	7.98161E+06	5.09354E+01	1.36630E-01	1.40520E-01	0.00000E+00	3.32428E+03	1.85157E+03	8.23139E+09	3.38800E+03	1.40000E+02
1.81884E+00	8.21632E+06	5.24275E+01	1.36635E-01	1.50957E-01	3.40300E-01	3.44948E+03	1.89653E+03	8.56729E+09	3.38900E+03	1.40000E+02
1.80037E+00	8.30179E+06	5.11542E+01	1.39890E-01	1.60848E-01	6.70500E-01	3.48536E+03	1.93592E+03	8.92685E+09	3.39000E+03	1.40000E+02
1.72086E+00	7.65260E+06	4.74083E+01	1.52755E-01	1.74396E-01	7.72200E-01	3.21281E+03	1.86698E+03	8.30235E+09	3.39100E+03	1.40000E+02
1.75990E+00	7.31717E+06	4.20379E+01	2.12430E-01	2.03099E-01	5.88500E-01	3.07199E+03	1.74555E+03	7.25751E+09	3.39200E+03	1.40000E+02
1.81925E+00	6.71753E+06	3.68163E+01	2.59045E-01	2.23786E-01	3.95900E-01	3.05495E+03	1.67924E+03	6.20055E+09	3.39300E+03	1.40000E+02
1.82812E+00	6.68021E+06	3.22513E+01	2.79490E-01	2.37979E-01	8.45700E-01	3.04019E+03	1.66301E+03	6.07687E+09	3.39400E+03	1.40000E+02
1.79446E+00	6.42466E+06	3.07313E+01	2.95795E-01	2.55010E-01	1.47050E+00	2.92389E+03	1.62940E+03	5.83369E+09	3.39500E+03	1.40000E+02
1.77223E+00	6.27897E+06	2.82925E+01	2.89195E-01	2.73092E-01	1.65710E+00	2.85758E+03	1.61242E+03	5.71279E+09	3.39600E+03	1.40000E+02
1.78467E+00	6.28915E+06	2.47763E+01	2.59615E-01	2.80094E-01	1.79170E+00	2.86222E+03	1.60378E+03	5.65168E+09	3.39700E+03	1.40000E+02
1.79005E+00	6.28648E+06	2.27663E+01	2.76440E-01	2.82626E-01	2.13140E+00	2.88067E+03	1.60927E+03	5.65158E+09	3.39800E+03	1.40000E+02
1.80496E+00	6.33029E+06	2.20279E+01	2.73265E-01	2.84444E-01	1.89250E+00	2.90074E+03	1.60710E+03	5.63636E+09	3.39900E+03	1.40000E+02
1.79053E+00	6.28036E+06	2.18621E+01	2.76480E-01	2.90154E-01	1.63740E+00	2.87786E+03	1.60726E+03	5.63753E+09	3.40000E+03	1.40000E+02
1.80672E+00	6.17500E+06	2.21433E+01	2.97425E-01	2.97944E-01	2.55210E+00	2.82958E+03	1.56614E+03	5.35276E+09	3.40100E+03	1.40000E+02
1.86658E+00	6.14040E+06	2.15504E+01	3.13750E-01	3.00858E-01	3.98590E+00	2.81373E+03	1.50743E+03	4.95892E+09	3.40200E+03	1.40000E+02
1.86884E+00	6.04392E+06	1.98325E+01	3.38285E-01	2.98026E-01	4.54220E+00	2.79410E+03	1.49510E+03	4.83523E+09	3.40300E+03	1.40000E+02
1.86447E+00	6.07796E+06	1.94083E+01	2.90470E-01	2.99174E-01	4.70550E+00	2.80569E+03	1.50482E+03	4.90552E+09	3.40400E+03	1.40000E+02
1.88521E+00	6.13246E+06	1.89525E+01	2.83060E-01	3.00383E-01	5.49360E+00	2.83085E+03	1.50161E+03	4.88464E+09	3.40500E+03	1.40000E+02
1.89578E+00	6.19044E+06	1.88975E+01	2.70150E-01	2.99049E-01	5.57920E+00	2.85761E+03	1.50735E+03	4.92209E+09	3.40600E+03	1.40000E+02
1.90928E+00	6.17259E+06	1.94588E+01	2.64565E-01	2.94084E-01	4.52480E+00	2.84937E+03	1.49238E+03	4.82476E+09	3.40700E+03	1.40000E+02
1.91140E+00	6.17705E+06	2.02575E+01	2.94520E-01	2.86828E-01	3.58500E+00	2.82871E+03	1.47992E+03	4.78265E+09	3.40800E+03	1.40000E+02
1.89875E+00	6.19921E+06	2.14517E+01	2.69885E-01	2.84144E-01	4.14670E+00	2.83886E+03	1.49512E+03	4.88140E+09	3.40900E+03	1.40000E+02
1.93180E+00	6.32385E+06	2.18283E+01	2.75820E-01	2.82888E-01	4.84110E+00	2.89593E+03	1.49908E+03	4.90733E+09	3.41000E+03	1.40000E+02
1.95960E+00	6.33139E+06	2.13929E+01	3.01090E-01	2.78480E-01	4.99840E+00	2.89939E+03	1.47958E+03	4.78048E+09	3.41100E+03	1.40000E+02
1.94145E+00	6.55177E+06	2.18283E+01	2.76055E-01	2.66701E-01	4.54170E+00	2.86091E+03	1.47359E+03	4.97290E+09	3.41200E+03	1.40000E+02
1.90580E+00	6.52269E+06	2.36117E+01	2.20465E-01	2.57573E-01	4.03450E+00	2.87736E+03	1.50979E+03	5.16731E+09	3.41300E+03	1.40000E+02
1.90074E+00	6.67978E+06	2.52404E+01	1.63025E-01	2.53639E-01	3.75010E+00	2.94666E+03	1.55027E+03	5.44812E+09	3.41400E+03	1.40000E+02
1.92938E+00	6.88031E+06	2.52663E+01	2.03020E-01	2.50618E-01	3.19220E+00	3.03512E+03	1.57311E+03	5.60981E+09	3.41500E+03	1.40000E+02
1.94370E+00	6.90189E+06	2.53775E+01	2.27760E-01	2.46797E-01	2.55510E+00	3.04464E+03	1.56641E+03	5.56218E+09	3.41600E+03	1.40000E+02
1.92931E+00	6.72567E+06	2.59283E+01	2.60775E-01	2.46936E-01	2.28610E+00	2.96690E+03	1.53781E+03	5.36088E+09	3.41700E+03	1.40000E+02
1.92482E+00	6.27264E+06	2.50117E+01	2.79465E-01	2.53661E-01	2.54030E+00	2.88490E+03	1.49879E+03	4.88430E+09	3.41800E+03	1.40000E+02
1.92438E+00	6.13620E+06	2.49067E+01	2.96400E-01	2.74181E-01	2.99430E+00	2.82215E+03	1.46652E+03	4.67626E+09	3.41900E+03	1.40000E+02
1.91847E+00	6.07985E+06	2.38058E+01	3.03815E-01	2.87411E-01	2.79170E+00	2.79624E+03	1.45754E+03	4.61912E+09	3.42000E+03	1.40000E+02
1.92174E+00	6.08469E+06	2.13121E+01	3.01015E-01	2.91162E-01	2.15500E+00	2.79846E+03	1.45621E+03	4.61071E+09	3.42100E+03	1.40000E+02
1.91963E+00	6.12482E+06	1.98233E+01	2.78860E-01	2.92773E-01	1.99080E+00	2.80415E+03	1.46078E+03	4.66079E+09	3.42200E+03	1.40000E+02
1.94180E+00	6.27579E+06	1.86754E+01	2.70790E-01	2.92092E-01	2.60700E+00	2.85069E+03	1.46806E+03	4.74468E+09	3.42300E+03	1.40000E+02
1.94628E+00	6.29880E+06	1.77363E+01	3.08810E-01	2.88804E-01	3.41810E+00	2.86114E+03	1.47006E+03	4.75759E+09	3.42400E+03	1.40000E+02
1.92065E+00	6.23680E+06	1.72704E+01	3.04345E-01	2.82572E-01	4.05160E+00	2.83298E+03	1.47501E+03	4.78971E+09	3.42500E+03	1.40000E+02
1.90593E+00	6.20671E+06	1.83162E+01	2.48685E-01	2.74039E-01	4.55870E+00	2.81931E+03	1.47923E+03	4.81717E+09	3.42600E+03	1.40000E+02
1.90525E+00	6.26848E+06	1.84267E+01	2.44305E-01	2.60931E-01	4.47920E+00	2.84737E+03	1.49449E+03	4.91704E+09	3.42700E+03	1.40000E+02
1.88320E+00	6.58904E+06	1.78037E+01	2.21680E-01	2.53496E-01	4.28590E+00	2.90151E+03	1.54074E+03	5.39082E+09	3.42800E+03	1.40000E+02
1.86264E+00	6.82717E+06	1.81763E+01	1.68925E-01	2.51592E-01	4.63960E+00	3.00637E+03	1.61403E+03	5.91594E+09	3.42900E+03	1.40000E+02
1.87680E+00	7.08639E+06	1.93750E+01	2.47015E-01	2.51516E-01	5.04920E+00	3.12052E+03	1.66268E+03	6.27791E+09	3.43000E+03	1.40000E+02
1.90110E+00	7.00660E+06	1.93742E+01	2.66930E-01	2.50505E-01	4.48680E+00	3.08539E+03	1.62295E+03	5.98145E+09	3.43100E+03	1.40000E+02
1.88032E+00	6.17685E+06	1.91258E+01	3.09120E-01	2.51305E-01	3.69880E+00	2.84006E+03	1.51041E+03	4.96169E+09	3.43200E+03	1.40000E+02
1.86038E+00	5.96195E+06	2.04046E+01	3.10500E-01	2.54916E-01	3.37830E+00	2.71925E+03	1.46166E+03	4.68416E+09	3.43300E+03	1.40000E+02
1.84980E+00	5.91411E+06	2.33425E+01	2.85980E-01	2.58923E-01	3.21430E+00	2.69743E+03	1.45823E+03	4.66220E+09	3.43400E+03	1.40000E+02
1.85396E+00	5.92734E+06	2.41308E+01	2.78395E-01	2.57296E-01	2.84750E+00	2.70346E+03	1.45821E+03	4.66206E+09	3.43500E+03	1.40000E+02
1.93629E+00	6.09202E+06	2.37021E+01	2.55865E-01	2.55234E-01	2.30630E+00	2.77857E+03	1.43500E+03	4.51483E+09	3.43600E+03	1.40000E+02
2.06998E+00	6.38033E+06	2.48925E+01	2.38960E-01	2.55070E-01	2.19990E+00	2.91007E+03	1.40584E+03	4.33323E+09	3.43700E+03	1.40000E+02
2.12598E+00	6.69342E+06	2.75471E+01	2.76185E-01	2.44223E-01	2.03240E+00	2.95776E+03	1.39125E+03	4.38020E+09	3.43800E+03	1.40000E+02
2.08174E+00	6.39337E+06	3.14546E+01	2.65955E-01	2.31383E-01	1.35790E+00	2.82518E+03	1.35712E+03	4.16794E+09	3.43900E+03	1.40000E+02
2.03277E+00	5.89895E+06	3.44583E+01	2.23240E-01	2.18830E-01	1.36250E+00	2.60670E+03	1.28234E+03	3.72125E+09	3.44000E+03	1.40000E+02
2.08138E+00	5.96712E+06	3.52904E+01	1.68410E-01	2.02155E-01	1.78390E+00	2.63682E+03	1.26686E+03	3.63198E+09	3.44100E+03	1.40000E+02
2.07462E+00	6.96827E+06	3.71583E+01	1.03710E-01	1.81195E-01	1.68950E+00	2.77864E+03	1.33935E+03	4.49863E+09	3.44200E+03	1.40000E+02
2.30517E+00	8.35558E+06	4.18725E+01	4.91850E-02	1.63399E-01	0.00000E+00	3.36878E+03	1.46140E+03	5.29715E+09	3.44300E+03	1.40000E+02
2.28773E+00	9.13287E+06	4.53146E+01	5.42300E-02	1.43298E-01	0.00000E+00	3.68216E+03	1.60953E+03	6.42542E+09	3.44400E+03	1.40000E+02
2.23208E+00	9.18447E+06	4.72375E+01	7.91400E-02	1.23773E-01	0.00000E+00	3.70297E+03	1.65898E+03	6.82628E+09	3.44500E+03	1.40000E+02
2.17733E+00	8.50145E+06	5.11208E+01	1.44795E-01	1.23284E-01	0.00000E+00	3.42759E+03	1.57422E+03	6.14660E+09	3.44600E+03	1.40000E+02
1.93390E+00	6.88470E+06	5.47554E+01	1.65720E-01	1.31453E-01	0.00000E+00	2.77575E+03	1.43531E+03	5.10973E+09	3.44700E+03	1.40000E+02
2.00148E+00	6.38678E+06	5.61663E+01	1.72800E-01	1.36317E-01	0.00000E+00	2.69439E+03	1.34620E+03	4.29578E+09	3.44800E+03	1.40000E+02
2.10039E+00	6.63316E+06	5.67033E+01	1.88170E-01	1.39696E-01	0.00000E+00	2.79833E+03	1.33229E+03	4.20744E+09	3.44900E+03	1.40000E+02
2.17610E+00	6.83289E+06	5.86358E+01	1.56580E-01	1.44160E-01	0.00000E+00	2.88259E+03	1.32466E+03	4.15938E+09	3.45000E+03	1.40000E+02
2.14203E+00	6.72862E+06	6.01667E+01	1.64410E-01	1.46187E-01	0.00000E+00	2.83860E+03	1.32519E+03	4.16272E+09	3.45100E+03	1.40000E+02
2.11923E+00	6.82017E+06	5.78533E+01	1.77215E-01	1.38970E-01	0.00000E+00	2.84494E+03	1.34244E+03	4.32028E+09	3.45200E+03	1.40000E+02
2.13559E+00	6.93150E+06	5.52242E+01	1.50415E-01	1.32538E-01	0.00000E+00	2.88981E+03	1.35317E+03	4.39200E+09	3.45300E+03	1.40000E+02
2.17799E+00	7.01750E+06	5.50592E+01	1.41765E-01	1.32141E-01	0.00000E+00	2.92566E+03	1.34329E+03	4.32807E+09	3.45400E+03	1.40000E+02
2.15147E+00	6.92881E+06	5.57696E+01	1.53420E-01	1.34165E-01	0.00000E+00	2.88869E+03	1.34266E+03	4.32402E+09	3.45500E+03	1.40000E+02
2.14739E+00	7.07155E+06	5.43921E+01	1.37030E-01	1.32118E-01	0.00000E+00	2.94820E+03	1.37292E+03	4.52118E+09	3.45600E+03	1.40000E+02
2.15124E+00	7.24624E+06	5.23113E+01	1.36490E-01	1.28563E-01	0.00000E+00	3.00587E+03	1.39727E+03	4.70657E+09	3.45700E+03	1.40000E+02
2.13047E+00	7.19315E+06	5.12796E+01	1.75090E-01	1.25913E-01	0.00000E+00	2.96441E+03	1.39144E+03	4.69793E+09	3.45800E+03	1.40000E+02
2.09455E+00	6.98242E+06	5.09708E+01	1.64705E-01	1.24067E-01	0.00000E+00	2.87757E+03	1.37384E+03	4.57985E+09	3.45900E+03	1.40000E+02
2.04975E+00	6.88769E+06	4.94671E+01	1.38375E-01	1.20316E-01	0.00000E+00	2.83853E+03	1.38481E+03	4.65332E+09	3.46000E+03	1.40000E+02
2.09321E+00	7.28600E+06	4.79158E+01	8.54550E-02	1.16676E-01	0.00000E+00	3.00268E+03	1.43449E+03	4.99314E+09	3.46100E+03	1.40000E+02
2.17726E+00	8.41792E+06	4.67925E+01	5.71800E-02	1.13084E-01	0.00000E+00	3.31832E+03	1.52408E+03	5.89255E+09	3.46200E+03	1.40000E+02
2.17469E+00	8.94746E+06	4.49842E+01	6.04750E-02	1.07983E-01	0.00000E+00	3.52707E+03	1.62187E+03	6.67294E+09	3.46300E+03	1.40000E+02
2.09589E+00	8.93244E+06	4.30696E+01	6.23200E-02	1.03702E-01	0.00000E+00	3.52114E+03	1.68002E+03	7.16004E+09	3.46400E+03	1.40000E+02
2.00181E+00	8.60762E+06	4.18463E+01	6.73300E-02	1.02486E-01	0.00000E+00	3.39310E+03	1.69501E+03	7.28841E+09	3.46500E+03	1.40000E+02
1.96127E+00	8.30319E+06	4.08242E+01	7.49050E-02	1.00666E-01	0.00000E+00	3.27310E+03	1.66887E+03	7.06527E+09	3.46600E+03	1.40000E+02
1.87413E+00	7.88464E+06	4.08496E+01	8.35150E-02	1.00052E-01	0.00000E+00	3.16170E+03	1.68702E+03	7.09746E+09	3.46700E+03	1.40000E+02
1.75250E+00	7.59521E+06	4.30817E+01	8.49250E-02	1.05905E-01	0.00000E+00	3.07374E+03	1.75392E+03	7.60137E+09	3.46800E+03	1.40000E+02
1.79717E+00	7.65016E+06	4.50533E+01	9.57500E-02	1.11730E-01	0.00000E+00	3.09598E+03	1.72270E+03	7.33315E+09	3.46900E+03	1.40000E+02
1.86194E+00	7.73897E+06	4.67067E+01	1.11505E-01	1.16056E-01	0.00000E+00	3.13192E+03	1.68207E+03	6.99132E+09	3.47000E+03	1.40000E+02
1.87138E+00	7.42286E+06	5.05525E+01	1.33605E-01	1.24300E-01	0.00000E+00	3.00399E+03	1.60523E+03	6.36718E+09	3.47100E+03	1.40000E+02
1.90617E+00	5.90532E+06	3.57583E+01	2.01845E-01	2.01845E-01	7.70230E+00	2.66775E+03	1.39953E+03	4.33577E+09	3.18900E+03	1.59000E+02
1.91244E+00	5.62171E+06	3.47617E+01	2.11444E-01	2.11444E-01	1.24903E+01	2.55115E+03	1.33397E+03	3.92128E+09	3.19000E+03	1.59000E+02
1.84675E+00	5.60240E+06	3.01692E+01	2.10897E-01	2.10897E-01	1.09094E+01	2.50152E+03	1.35455E+03	4.10925E+09	3.19100E+03	1.59000E+02
1.83123E+00	5.60491E+06	2.72500E+01	2.15214E-01	2.15214E-01	7.65090E+00	2.49395E+03	1.36190E+03	4.16843E+09	3.19200E+03	1.59000E+02
1.79069E+00	5.85074E+06	2.72854E+01	2.22840E-01	2.22840E-01	1.19369E+01	2.53762E+03	1.41712E+03	4.63019E+09	3.19300E+03	1.59000E+02
1.83853E+00	6.08099E+06	2.59258E+01	2.26639E-01	2.26639E-01	1.37944E+01	2.61065E+03	1.41997E+03	4.69659E+09	3.19400E+03	1.59000E+02
1.90037E+00	6.17797E+06	2.57742E+01	2.31635E-01	2.31635E-01	1.16116E+01	2.70087E+03	1.42124E+03	4.62035E+09	3.19500E+03	1.59000E+02
1.91682E+00	6.24440E+06	2.61658E+01	2.38351E-01	2.38351E-01	1.25751E+01	2.72776E+03	1.42307E+03	4.63590E+09	3.19600E+03	1.59000E+02
1.86809E+00	6.18538E+06	2.58975E+01	2.44565E-01	2.44565E-01	1.68612E+01	2.72244E+03	1.45734E+03	4.82535E+09	3.19700E+03	1.59000E+02
1.83781E+00	6.11453E+06	2.59921E+01	2.55335E-01	2.55335E-01	2.10359E+01	2.70710E+03	1.47300E+03	4.90080E+09	3.19800E+03	1.59000E+02
1.86738E+00	6.04427E+06	2.53767E+01	2.62227E-01	2.62227E-01	1.91676E+01	2.70837E+03	1.45036E+03	4.69448E+09	3.19900E+03	1.59000E+02
1.91057E+00	6.14982E+06	2.53425E+01	2.65308E-01	2.65308E-01	1.66660E+01	2.73666E+03	1.43238E+03	4.61059E+09	3.20000E+03	1.59000E+02
1.92772E+00	6.15350E+06	2.38475E+01	2.66149E-01	2.66149E-01	2.13964E+01	2.74783E+03	1.42543E+03	4.55015E+09	3.20100E+03	1.59000E+02
1.91266E+00	6.03173E+06	2.51754E+01	2.73434E-01	2.73434E-01	2.02175E+01	2.73622E+03	1.43058E+03	4.51146E+09	3.20200E+03	1.59000E+02
1.89076E+00	6.09763E+06	2.61738E+01	2.78297E-01	2.78297E-01	1.79379E+01	2.70681E+03	1.43160E+03	4.61684E+09	3.20300E+03	1.59000E+02
1.90644E+00	6.08761E+06	2.43013E+01	2.78234E-01	2.78234E-01	1.69415E+01	2.69125E+03	1.41166E+03	4.50770E+09	3.20400E+03	1.59000E+02
1.89644E+00	5.88808E+06	2.73400E+01	2.82311E-01	2.82311E-01	1.47662E+01	2.63519E+03	1.38955E+03	4.31428E+09	3.20500E+03	1.59000E+02
1.91059E+00	5.93973E+06	2.81729E+01	2.80101E-01	2.80101E-01	1.73278E+01	2.63181E+03	1.37749E+03	4.28239E+09	3.20600E+03	1.59000E+02
1.95856E+00	5.90763E+06	2.59342E+01	2.78956E-01	2.78956E-01	1.64942E+01	2.66819E+03	1.36232E+03	4.10920E+09	3.20700E+03	1.59000E+02
1.94593E+00	5.91699E+06	2.52600E+01	2.76612E-01	2.76612E-01	1.78531E+01	2.70528E+03	1.39022E+03	4.22726E+09	3.20800E+03	1.59000E+02
1.92928E+00	5.90114E+06	2.58213E+01	2.70872E-01	2.70872E-01	1.88989E+01	2.72293E+03	1.41137E+03	4.31701E+09	3.20900E+03	1.59000E+02
1.95554E+00	5.71626E+06	1.13604E+01	3.16873E-01	3.16873E-01	2.78392E+01	2.74873E+03	1.40561E+03	4.10877E+09	3.24100E+03	1.59000E+02
1.94389E+00	5.82748E+06	1.16796E+01	3.18998E-01	3.18998E-01	2.98804E+01	2.77869E+03	1.42945E+03	4.28526E+09	3.24200E+03	1.59000E+02
1.94137E+00	5.97132E+06	1.26958E+01	3.20164E-01	3.20164E-01	2.94836E+01	2.80607E+03	1.44541E+03	4.44581E+09	3.24300E+03	1.59000E+02
1.95684E+00	6.10435E+06	1.38575E+01	3.24169E-01	3.24169E-01	2.46189E+01	2.79567E+03	1.42866E+03	4.45669E+09	3.24400E+03	1.59000E+02
1.92097E+00	5.81035E+06	1.41733E+01	3.29525E-01	3.29525E-01	2.43345E+01	2.75882E+03	1.43616E+03	4.34397E+09	3.24500E+03	1.59000E+02
1.94657E+00	5.64831E+06	1.34704E+01	3.32943E-01	3.32943E-01	2.88249E+01	2.72681E+03	1.40083E+03	4.06475E+09	3.24600E+03	1.59000E+02
1.99545E+00	5.62740E+06	1.22608E+01	3.31577E-01	3.31577E-01	2.64374E+01	2.71855E+03	1.36238E+03	3.84206E+09	3.24700E+03	1.59000E+02
2.00406E+00	5.65571E+06	1.24808E+01	3.33850E-01	3.33850E-01	2.30728E+01	2.73038E+03	1.36242E+03	3.84492E+09	3.24800E+03	1.59000E+02
2.00317E+00	5.71157E+06	1.21479E+01	3.32736E-01	3.32736E-01	2.87680E+01	2.73490E+03	1.36528E+03	3.89277E+09	3.24900E+03	1.59000E+02
1.99527E+00	5.72988E+06	1.08679E+01	3.30774E-01	3.30774E-01	3.27762E+01	2.73751E+03	1.37200E+03	3.93999E+09	3.25000E+03	1.59000E+02
2.01415E+00	5.72083E+06	1.03708E+01	3.27108E-01	3.27108E-01	2.58104E+01	2.74222E+03	1.36148E+03	3.86703E+09	3.25100E+03	1.59000E+02
2.00240E+00	5.71633E+06	1.09146E+01	3.26492E-01	3.26492E-01	2.81390E+01	2.75366E+03	1.37518E+03	3.92579E+09	3.25200E+03	1.59000E+02
1.99508E+00	5.74599E+06	1.27538E+01	3.23003E-01	3.23003E-01	3.21998E+01	2.75931E+03	1.38306E+03	3.98332E+09	3.25300E+03	1.59000E+02
2.01403E+00	5.77741E+06	1.38350E+01	3.15825E-01	3.15825E-01	2.98069E+01	2.76339E+03	1.37207E+03	3.93588E+09	3.25400E+03	1.59000E+02
1.96765E+00	5.83262E+06	1.36517E+01	3.10740E-01	3.10740E-01	2.85949E+01	2.73716E+03	1.39108E+03	4.12353E+09	3.25500E+03	1.59000E+02
1.93082E+00	5.77329E+06	1.51138E+01	3.03339E-01	3.03339E-01	2.97089E+01	2.71761E+03	1.40749E+03	4.20851E+09	3.25600E+03	1.59000E+02
1.94687E+00	5.80657E+06	1.71463E+01	2.97757E-01	2.97757E-01	2.92286E+01	2.70551E+03	1.38967E+03	4.14472E+09	3.25700E+03	1.59000E+02
1.97075E+00	5.79684E+06	1.62983E+01	2.92367E-01	2.92367E-01	3.04655E+01	2.72510E+03	1.38277E+03	4.06733E+09	3.25800E+03	1.59000E+02
1.95143E+00	5.86547E+06	1.75938E+01	2.97960E-01	2.97960E-01	3.10315E+01	2.70498E+03	1.38615E+03	4.16640E+09	3.25900E+03	1.59000E+02
1.94982E+00	5.70033E+06	1.90729E+01	2.96516E-01	2.96516E-01	3.20487E+01	2.65663E+03	1.36250E+03	3.98329E+09	3.26000E+03	1.59000E+02
1.94806E+00	5.49038E+06	1.94679E+01	2.89761E-01	2.89761E-01	2.93403E+01	2.61322E+03	1.34145E+03	3.78072E+09	3.26100E+03	1.59000E+02
2.00024E+00	5.66792E+06	2.36108E+01	2.87875E-01	2.87875E-01	2.84356E+01	2.64497E+03	1.32233E+03	3.74699E+09	3.26200E+03	1.59000E+02
2.02891E+00	5.74088E+06	2.53750E+01	2.82102E-01	2.82102E-01	3.19381E+01	2.65131E+03	1.30676E+03	3.69753E+09	3.26300E+03	1.59000E+02
2.03853E+00	6.01791E+06	2.74529E+01	2.71432E-01	2.71432E-01	3.06960E+01	2.67975E+03	1.31455E+03	3.88065E+09	3.26400E+03	1.59000E+02
2.03013E+00	6.05102E+06	3.60142E+01	2.53670E-01	2.53670E-01	2.44371E+01	2.74099E+03	1.35015E+03	4.02426E+09	3.26500E+03	1.59000E+02
1.99107E+00	6.60900E+06	3.83042E+01	2.28636E-01	2.28636E-01	2.18917E+01	2.82762E+03	1.42015E+03	4.71393E+09	3.26600E+03	1.59000E+02
2.09776E+00	7.45192E+06	3.79313E+01	2.04932E-01	2.04932E-01	2.22194E+01	3.08313E+03	1.46972E+03	5.22093E+09	3.26700E+03	1.59000E+02
2.17409E+00	8.13280E+06	4.13267E+01	2.09834E-01	2.09834E-01	1.64884E+01	3.28041E+03	1.50887E+03	5.64435E+09	3.26800E+03	1.59000E+02
2.10648E+00	7.81200E+06	3.98304E+01	1.92323E-01	1.92323E-01	1.24257E+01	3.32411E+03	1.57804E+03	5.85226E+09	3.26900E+03	1.59000E+02
2.04479E+00	7.76505E+06	3.77808E+01	1.69238E-01	1.69238E-01	1.10718E+01	3.28193E+03	1.60502E+03	6.09506E+09	3.27000E+03	1.59000E+02
2.06326E+00	8.06318E+06	3.71979E+01	1.74632E-01	1.74632E-01	1.10240E+01	3.28506E+03	1.59217E+03	6.22217E+09	3.27100E+03	1.59000E+02
1.91779E+00	6.86800E+06	3.38208E+01	2.01039E-01	2.01039E-01	1.43846E+01	3.02329E+03	1.57644E+03	5.64557E+09	3.27200E+03	1.59000E+02
1.82869E+00	5.91773E+06	2.58854E+01	2.06813E-01	2.06813E-01	1.62236E+01	2.81864E+03	1.54134E+03	4.98783E+09	3.27300E+03	1.59000E+02
1.80791E+00	6.04359E+06	2.48946E+01	2.15220E-01	2.15220E-01	1.66028E+01	2.78943E+03	1.54291E+03	5.15774E+09	3.27400E+03	1.59000E+02
1.87004E+00	6.18869E+06	2.45579E+01	2.28855E-01	2.28855E-01	2.34081E+01	2.86129E+03	1.53007E+03	5.06358E+09	3.27500E+03	1.59000E+02
1.93773E+00	6.28580E+06	2.07521E+01	2.40252E-01	2.40252E-01	2.78159E+01	2.89615E+03	1.49461E+03	4.84835E+09	3.27600E+03	1.59000E+02
1.91035E+00	6.09023E+06	1.90608E+01	2.65558E-01	2.65558E-01	2.77499E+01	2.82714E+03	1.47991E+03	4.71796E+09	3.27700E+03	1.59000E+02
1.89352E+00	5.81840E+06	1.67896E+01	2.82964E-01	2.82964E-01	3.06573E+01	2.77582E+03	1.46596E+03	4.50458E+09	3.27800E+03	1.59000E+02
1.83434E+00	5.76850E+06	1.54679E+01	2.91651E-01	2.91651E-01	3.35115E+01	2.72974E+03	1.48813E+03	4.67976E+09	3.27900E+03	1.59000E+02
1.88066E+00	5.73846E+06	1.56413E+01	2.97851E-01	2.97851E-01	3.27173E+01	2.72042E+03	1.44653E+03	4.41381E+09	3.28000E+03	1.59000E+02
1.90808E+00	5.73090E+06	1.57117E+01	3.03322E-01	3.03322E-01	2.94485E+01	2.68968E+03	1.40963E+03	4.23381E+09	3.28100E+03	1.59000E+02
1.91758E+00	5.59942E+06	1.44108E+01	3.03041E-01	3.03041E-01	3.18383E+01	2.66119E+03	1.38779E+03	4.05241E+09	3.28200E+03	1.59000E+02
1.92409E+00	5.52578E+06	1.52554E+01	3.05208E-01	3.05208E-01	3.40021E+01	2.64038E+03	1.37227E+03	3.94102E+09	3.28300E+03	1.59000E+02
1.92158E+00	5.50319E+06	1.55613E+01	3.01629E-01	3.01629E-01	3.17062E+01	2.63967E+03	1.37370E+03	3.93410E+09	3.28400E+03	1.59000E+02
1.93882E+00	5.55193E+06	1.60479E+01	2.90556E-01	2.90556E-01	3.19164E+01	2.65668E+03	1.37026E+03	3.92381E+09	3.28500E+03	1.59000E+02
1.91533E+00	5.69218E+06	1.69471E+01	2.77649E-01	2.77649E-01	3.59820E+01	2.66488E+03	1.39134E+03	4.13493E+09	3.28600E+03	1.59000E+02
1.95845E+00	6.00173E+06	1.93217E+01	2.74635E-01	2.74635E-01	3.26657E+01	2.69088E+03	1.37398E+03	4.21060E+09	3.28700E+03	1.59000E+02
1.98815E+00	6.01005E+06	1.90058E+01	2.71674E-01	2.71674E-01	3.15672E+01	2.67577E+03	1.34586E+03	4.06845E+09	3.28800E+03	1.59000E+02
1.97396E+00	5.61944E+06	1.86479E+01	2.73185E-01	2.73185E-01	3.29832E+01	2.65381E+03	1.34441E+03	3.82725E+09	3.28900E+03	1.59000E+02
1.92805E+00	5.47587E+06	2.36513E+01	2.85782E-01	2.85782E-01	2.89872E+01	2.59976E+03	1.34839E+03	3.82958E+09	3.29000E+03	1.59000E+02
1.90565E+00	5.37513E+06	2.12929E+01	2.87437E-01	2.87437E-01	3.13441E+01	2.56974E+03	1.34849E+03	3.80360E+09	3.29100E+03	1.59000E+02
1.90176E+00	5.28462E+06	1.78958E+01	3.02053E-01	3.02053E-01	3.41964E+01	2.52877E+03	1.32970E+03	3.69496E+09	3.29200E+03	1.59000E+02
1.88492E+00	5.18229E+06	2.06979E+01	3.19106E-01	3.19106E-01	3.40477E+01	2.49725E+03	1.32486E+03	3.64248E+09	3.29300E+03	1.59000E+02
1.84589E+00	5.14747E+06	2.17421E+01	3.00317E-01	3.00317E-01	3.36466E+01	2.52550E+03	1.36818E+03	3.81532E+09	3.29400E+03	1.59000E+02
1.98707E+00	5.93348E+06	2.04850E+01	2.70108E-01	2.70108E-01	3.16503E+01	2.74393E+03	1.38089E+03	4.12340E+09	3.29500E+03	1.59000E+02
2.00567E+00	7.20158E+06	2.41467E+01	2.57014E-01	2.57014E-01	2.86140E+01	3.09639E+03	1.54382E+03	5.54325E+09	3.29600E+03	1.59000E+02
1.95883E+00	7.77538E+06	2.71396E+01	2.36747E-01	2.36747E-01	2.49886E+01	3.27398E+03	1.67139E+03	6.63440E+09	3.29700E+03	1.59000E+02
1.81549E+00	7.70196E+06	2.67587E+01	2.08668E-01	2.08668E-01	1.93179E+01	3.29721E+03	1.81616E+03	7.70481E+09	3.29800E+03	1.59000E+02
1.77011E+00	7.70948E+06	2.62883E+01	1.83802E-01	1.83802E-01	1.65558E+01	3.28903E+03	1.85809E+03	8.09264E+09	3.29900E+03	1.59000E+02
1.76862E+00	7.80391E+06	3.14287E+01	1.75128E-01	1.75128E-01	1.39329E+01	3.29599E+03	1.86359E+03	8.22298E+09	3.30000E+03	1.59000E+02
1.68974E+00	7.30121E+06	4.20292E+01	1.82230E-01	1.82230E-01	7.29570E+00	3.04585E+03	1.80255E+03	7.78865E+09	3.30100E+03	1.59000E+02
