   1.9463375E+00   6.4855097E+06   3.5809583E+01   1.9277000E-01   1.9277000E-01   8.3442001E+00   2.8309877E+03   1.4545204E+03   4.8466961E+09   3.1880000E+03
   1.9061668E+00   5.9053201E+06   3.5758334E+01   2.0184500E-01   2.0184500E-01   7.7023001E+00   2.6677450E+03   1.3995338E+03   4.3357670E+09   3.1890000E+03
   1.9124415E+00   5.6217106E+06   3.4761667E+01   2.1144400E-01   2.1144400E-01   1.2490300E+01   2.5511485E+03   1.3339747E+03   3.9212805E+09   3.1900000E+03
   1.8467484E+00   5.6024002E+06   3.0169167E+01   2.1089701E-01   2.1089701E-01   1.0909400E+01   2.5015183E+03   1.3545529E+03   4.1092480E+09   3.1910000E+03
   1.8312270E+00   5.6049108E+06   2.7250000E+01   2.1521400E-01   2.1521400E-01   7.6508999E+00   2.4939533E+03   1.3619029E+03   4.1684315E+09   3.1920000E+03
   1.7906869E+00   5.8507438E+06   2.7285416E+01   2.2284000E-01   2.2284000E-01   1.1936900E+01   2.5376232E+03   1.4171228E+03   4.6301909E+09   3.1930000E+03
   1.8385276E+00   6.0809884E+06   2.5925833E+01   2.2663900E-01   2.2663900E-01   1.3794400E+01   2.6106507E+03   1.4199682E+03   4.6965900E+09   3.1940000E+03
   1.9003673E+00   6.1779714E+06   2.5774167E+01   2.3163500E-01   2.3163500E-01   1.1611600E+01   2.7008706E+03   1.4212361E+03   4.6203470E+09   3.1950000E+03
   1.9168211E+00   6.2443960E+06   2.6165833E+01   2.3835100E-01   2.3835100E-01   1.2575100E+01   2.7277633E+03   1.4230662E+03   4.6358991E+09   3.1960000E+03
   1.8680894E+00   6.1853776E+06   2.5897501E+01   2.4456499E-01   2.4456499E-01   1.6861200E+01   2.7224372E+03   1.4573377E+03   4.8253494E+09   3.1970000E+03
   1.8378085E+00   6.1145273E+06   2.5992084E+01   2.5533501E-01   2.5533501E-01   2.1035900E+01   2.7071004E+03   1.4730046E+03   4.9007973E+09   3.1980000E+03
   1.8673787E+00   6.0442699E+06   2.5376666E+01   2.6222700E-01   2.6222700E-01   1.9167601E+01   2.7083703E+03   1.4503594E+03   4.6944757E+09   3.1990000E+03
   1.9105736E+00   6.1498246E+06   2.5342500E+01   2.6530800E-01   2.6530800E-01   1.6666000E+01   2.7366610E+03   1.4323766E+03   4.6105865E+09   3.2000000E+03
   1.9277162E+00   6.1534955E+06   2.3847500E+01   2.6614901E-01   2.6614901E-01   2.1396400E+01   2.7478324E+03   1.4254340E+03   4.5501521E+09   3.2010000E+03
   1.9126609E+00   6.0317263E+06   2.5175417E+01   2.7343399E-01   2.7343399E-01   2.0217501E+01   2.7362212E+03   1.4305836E+03   4.5114576E+09   3.2020000E+03
   1.8907632E+00   6.0976299E+06   2.6173750E+01   2.7829700E-01   2.7829700E-01   1.7937901E+01   2.7068095E+03   1.4315962E+03   4.6168362E+09   3.2030000E+03
   1.9064385E+00   6.0876090E+06   2.4301250E+01   2.7823400E-01   2.7823400E-01   1.6941500E+01   2.6912506E+03   1.4116640E+03   4.5077029E+09   3.2040000E+03
   1.8964398E+00   5.8880780E+06   2.7340001E+01   2.8231100E-01   2.8231100E-01   1.4766200E+01   2.6351942E+03   1.3895480E+03   4.3142773E+09   3.2050000E+03
   1.9105892E+00   5.9397285E+06   2.8172917E+01   2.8010099E-01   2.8010099E-01   1.7327801E+01   2.6318084E+03   1.3774852E+03   4.2823899E+09   3.2060000E+03
   1.9585573E+00   5.9076310E+06   2.5934166E+01   2.7895599E-01   2.7895599E-01   1.6494200E+01   2.6681863E+03   1.3623223E+03   4.1091970E+09   3.2070000E+03
   1.9459307E+00   5.9169916E+06   2.5260000E+01   2.7661200E-01   2.7661200E-01   1.7853100E+01   2.7052814E+03   1.3902249E+03   4.2272569E+09   3.2080000E+03
   1.9292778E+00   5.9011415E+06   2.5821251E+01   2.7087200E-01   2.7087200E-01   1.8898899E+01   2.7229334E+03   1.4113744E+03   4.3170144E+09   3.2090000E+03
   1.9178684E+00   6.1172152E+06   2.3631666E+01   2.7242001E-01   2.7242001E-01   1.7700199E+01   2.7459780E+03   1.4317865E+03   4.5668128E+09   3.2100000E+03
   1.8970850E+00   6.2305511E+06   1.8131250E+01   2.7244301E-01   2.7244301E-01   2.4541201E+01   2.8205300E+03   1.4867705E+03   4.8829650E+09   3.2110000E+03
   1.8625922E+00   6.3874445E+06   1.5218334E+01   2.7816500E-01   2.7816500E-01   2.3208500E+01   2.9210428E+03   1.5682675E+03   5.3781079E+09   3.2120000E+03
   1.8294062E+00   6.4672240E+06   1.4711250E+01   2.8940901E-01   2.8940901E-01   2.2587500E+01   3.0178368E+03   1.6496264E+03   5.8316757E+09   3.2130000E+03
   1.8348310E+00   6.6737400E+06   1.1014167E+01   2.9626499E-01   2.9626499E-01   2.5441799E+01   3.1000277E+03   1.6895440E+03   6.1452950E+09   3.2140000E+03
   1.8490616E+00   6.8005064E+06   7.9079167E+00   2.9709101E-01   2.9709101E-01   2.0072300E+01   3.1727660E+03   1.7158790E+03   6.3106855E+09   3.2150000E+03
   1.8373024E+00   6.8403889E+06   7.6758332E+00   2.9986900E-01   2.9986900E-01   2.2666700E+01   3.1843905E+03   1.7331880E+03   6.4527645E+09   3.2160000E+03
   1.8293423E+00   6.8225062E+06   7.6433335E+00   2.9707701E-01   2.9707701E-01   2.9160200E+01   3.1806556E+03   1.7386880E+03   6.4844122E+09   3.2170000E+03
   1.8451160E+00   6.8017374E+06   6.9658333E+00   2.9310301E-01   2.9310301E-01   2.2264500E+01   3.1748214E+03   1.7206622E+03   6.3429579E+09   3.2180000E+03
   1.8496067E+00   6.8267475E+06   6.9816666E+00   2.9399200E-01   2.9399200E-01   2.4685301E+01   3.1777441E+03   1.7180648E+03   6.3412374E+09   3.2190000E+03
   1.8761213E+00   6.8134473E+06   8.5804164E+00   2.9549801E-01   2.9549801E-01   3.0803200E+01   3.1796934E+03   1.6948229E+03   6.1550320E+09   3.2200000E+03
   1.8930330E+00   6.8253220E+06   1.1001250E+01   2.9756399E-01   2.9756399E-01   2.2429300E+01   3.1816716E+03   1.6807270E+03   6.0598536E+09   3.2210000E+03
   1.8777913E+00   6.8633443E+06   8.3099999E+00   2.9006800E-01   2.9006800E-01   2.2243299E+01   3.1898794E+03   1.6987401E+03   6.2089104E+09   3.2220000E+03
   1.8766191E+00   6.9146102E+06   7.1908336E+00   2.8447100E-01   2.8447100E-01   3.0079300E+01   3.2001712E+03   1.7052855E+03   6.2833126E+09   3.2230000E+03
   1.8634730E+00   6.9677822E+06   9.4725000E+00   2.8836500E-01   2.8836500E-01   2.6816200E+01   3.2057888E+03   1.7203302E+03   6.4325514E+09   3.2240000E+03
   1.8585908E+00   6.9534862E+06   1.1811667E+01   2.9695801E-01   2.9695801E-01   2.3112499E+01   3.2181635E+03   1.7315073E+03   6.4780327E+09   3.2250000E+03
   1.8727250E+00   6.9679185E+06   8.8604167E+00   2.8675800E-01   2.8675800E-01   3.1837299E+01   3.2305247E+03   1.7250395E+03   6.4184194E+09   3.2260000E+03
   1.8757137E+00   6.9248994E+06   7.7554168E+00   2.8545700E-01   2.8545700E-01   3.2107399E+01   3.2132611E+03   1.7130872E+03   6.3245028E+09   3.2270000E+03
   1.8475827E+00   6.7450363E+06   8.0983332E+00   2.9016001E-01   2.9016001E-01   3.2213902E+01   3.1471802E+03   1.7034042E+03   6.2186784E+09   3.2280000E+03
   1.8338480E+00   6.6712164E+06   9.2412500E+00   2.8876900E-01   2.8876900E-01   3.9307400E+01   3.1086750E+03   1.6951651E+03   6.1667125E+09   3.2290000E+03
   1.8257387E+00   6.7010390E+06   8.3391668E+00   2.9075701E-01   2.9075701E-01   3.9462601E+01   3.1173423E+03   1.7074416E+03   6.2668510E+09   3.2300000E+03
   1.8397575E+00   6.7470043E+06   6.9212498E+00   2.8641100E-01   2.8641100E-01   3.7694302E+01   3.1244810E+03   1.6983113E+03   6.2282738E+09   3.2310000E+03
   1.8479676E+00   6.5764811E+06   9.7700004E+00   2.7731600E-01   2.7731600E-01   4.2025299E+01   3.0653869E+03   1.6587882E+03   5.9032361E+09   3.2320000E+03
   1.8555955E+00   6.4737069E+06   1.4889166E+01   2.7359600E-01   2.7359600E-01   3.3955200E+01   3.0407267E+03   1.6386797E+03   5.7169422E+09   3.2330000E+03
   1.8798161E+00   6.6827156E+06   1.5189166E+01   2.6879299E-01   2.6879299E-01   3.3328701E+01   2.9931094E+03   1.5922352E+03   5.6603704E+09   3.2340000E+03
   1.8482656E+00   6.3663955E+06   1.5702500E+01   2.7117500E-01   2.7117500E-01   3.0469200E+01   2.8390990E+03   1.5360882E+03   5.2910930E+09   3.2350000E+03
   1.9039089E+00   6.2191613E+06   1.4475000E+01   2.7805700E-01   2.7805700E-01   2.7239901E+01   2.8019289E+03   1.4716717E+03   4.8072489E+09   3.2360000E+03
   1.9575090E+00   6.1218005E+06   1.3847500E+01   3.0187799E-01   3.0187799E-01   3.0359301E+01   2.8227973E+03   1.4420354E+03   4.5097380E+09   3.2370000E+03
   1.9728309E+00   5.8600909E+06   1.1293750E+01   3.1732800E-01   3.1732800E-01   2.9888201E+01   2.8083055E+03   1.4234902E+03   4.2283311E+09   3.2380000E+03
   1.9528268E+00   5.7517400E+06   1.0400834E+01   3.2844299E-01   3.2844299E-01   3.0535200E+01   2.7592899E+03   1.4129722E+03   4.1616843E+09   3.2390000E+03
   1.9493247E+00   5.6835400E+06   9.8279163E+00   3.1790701E-01   3.1790701E-01   3.0253901E+01   2.7343116E+03   1.4026969E+03   4.0897670E+09   3.2400000E+03
   1.9555369E+00   5.7162576E+06   1.1360417E+01   3.1687300E-01   3.1687300E-01   2.7839199E+01   2.7487293E+03   1.4056136E+03   4.1087689E+09   3.2410000E+03
   1.9438909E+00   5.8274777E+06   1.1679583E+01   3.1899799E-01   3.1899799E-01   2.9880400E+01   2.7786944E+03   1.4294498E+03   4.2852645E+09   3.2420000E+03
   1.9413737E+00   5.9713208E+06   1.2695833E+01   3.2016399E-01   3.2016399E-01   2.9483601E+01   2.8060718E+03   1.4454053E+03   4.4458102E+09   3.2430000E+03
   1.9568440E+00   6.1043478E+06   1.3857500E+01   3.2416901E-01   3.2416901E-01   2.4618900E+01   2.7956710E+03   1.4286632E+03   4.4566949E+09   3.2440000E+03
   1.9209654E+00   5.8103518E+06   1.4173334E+01   3.2952499E-01   3.2952499E-01   2.4334499E+01   2.7588204E+03   1.4361635E+03   4.3439696E+09   3.2450000E+03
   1.9465679E+00   5.6483073E+06   1.3470417E+01   3.3294300E-01   3.3294300E-01   2.8824900E+01   2.7268067E+03   1.4008280E+03   4.0647475E+09   3.2460000E+03
   1.9954468E+00   5.6273980E+06   1.2260833E+01   3.3157700E-01   3.3157700E-01   2.6437401E+01   2.7185498E+03   1.3623765E+03   3.8420643E+09   3.2470000E+03
   2.0040633E+00   5.6557097E+06   1.2480833E+01   3.3384998E-01   3.3384998E-01   2.3072800E+01   2.7303804E+03   1.3624222E+03   3.8449208E+09   3.2480000E+03
   2.0031745E+00   5.7115655E+06   1.2147917E+01   3.3273602E-01   3.3273602E-01   2.8768000E+01   2.7349003E+03   1.3652831E+03   3.8927733E+09   3.2490000E+03
   1.9952749E+00   5.7298802E+06   1.0867917E+01   3.3077400E-01   3.3077400E-01   3.2776199E+01   2.7375089E+03   1.3719959E+03   3.9399946E+09   3.2500000E+03
   2.0141510E+00   5.7208253E+06   1.0370834E+01   3.2710800E-01   3.2710800E-01   2.5810400E+01   2.7422229E+03   1.3614783E+03   3.8670287E+09   3.2510000E+03
   2.0023977E+00   5.7163304E+06   1.0914583E+01   3.2649200E-01   3.2649200E-01   2.8139000E+01   2.7536636E+03   1.3751832E+03   3.9257942E+09   3.2520000E+03
   1.9950797E+00   5.7459923E+06   1.2753751E+01   3.2300301E-01   3.2300301E-01   3.2199799E+01   2.7593124E+03   1.3830587E+03   3.9833218E+09   3.2530000E+03
   2.0140318E+00   5.7774091E+06   1.3835000E+01   3.1582500E-01   3.1582500E-01   2.9806900E+01   2.7633852E+03   1.3720663E+03   3.9358805E+09   3.2540000E+03
   1.9676497E+00   5.8326242E+06   1.3651667E+01   3.1073999E-01   3.1073999E-01   2.8594900E+01   2.7371648E+03   1.3910834E+03   4.1235319E+09   3.2550000E+03
   1.9308176E+00   5.7732941E+06   1.5113750E+01   3.0333900E-01   3.0333900E-01   2.9708900E+01   2.7176117E+03   1.4074927E+03   4.2085120E+09   3.2560000E+03
   1.9468689E+00   5.8065697E+06   1.7146250E+01   2.9775700E-01   2.9775700E-01   2.9228600E+01   2.7055120E+03   1.3896734E+03   4.1447246E+09   3.2570000E+03
   1.9707535E+00   5.7968380E+06   1.6298334E+01   2.9236700E-01   2.9236700E-01   3.0465500E+01   2.7251026E+03   1.3827719E+03   4.0673301E+09   3.2580000E+03
   1.9514285E+00   5.8654713E+06   1.7593751E+01   2.9796000E-01   2.9796000E-01   3.1031500E+01   2.7049766E+03   1.3861520E+03   4.1664018E+09   3.2590000E+03
   1.9498213E+00   5.7003322E+06   1.9072916E+01   2.9651600E-01   2.9651600E-01   3.2048698E+01   2.6566306E+03   1.3624995E+03   3.9832882E+09   3.2600000E+03
   1.9480587E+00   5.4903805E+06   1.9467917E+01   2.8976101E-01   2.8976101E-01   2.9340300E+01   2.6132224E+03   1.3414495E+03   3.7807218E+09   3.2610000E+03
   2.0002361E+00   5.6679163E+06   2.3610833E+01   2.8787500E-01   2.8787500E-01   2.8435600E+01   2.6449747E+03   1.3223313E+03   3.7469892E+09   3.2620000E+03
   2.0289139E+00   5.7408832E+06   2.5375000E+01   2.8210199E-01   2.8210199E-01   3.1938101E+01   2.6513109E+03   1.3067636E+03   3.6975335E+09   3.2630000E+03
   2.0385329E+00   6.0179120E+06   2.7452916E+01   2.7143200E-01   2.7143200E-01   3.0695999E+01   2.6797490E+03   1.3145478E+03   3.8806501E+09   3.2640000E+03
   2.0301347E+00   6.0510152E+06   3.6014166E+01   2.5367001E-01   2.5367001E-01   2.4437099E+01   2.7409924E+03   1.3501530E+03   4.0242631E+09   3.2650000E+03
   1.9910737E+00   6.6090045E+06   3.8304166E+01   2.2863600E-01   2.2863600E-01   2.1891701E+01   2.8276235E+03   1.4201501E+03   4.7139283E+09   3.2660000E+03
   2.0977608E+00   7.4519231E+06   3.7931251E+01   2.0493200E-01   2.0493200E-01   2.2219400E+01   3.0831291E+03   1.4697239E+03   5.2209334E+09   3.2670000E+03
   2.1740901E+00   8.1328021E+06   4.1326667E+01   2.0983400E-01   2.0983400E-01   1.6488400E+01   3.2804141E+03   1.5088676E+03   5.6443482E+09   3.2680000E+03
   2.1064807E+00   7.8120007E+06   3.9830415E+01   1.9232300E-01   1.9232300E-01   1.2425700E+01   3.3241141E+03   1.5780416E+03   5.8522550E+09   3.2690000E+03
   2.0447874E+00   7.7650530E+06   3.7780833E+01   1.6923800E-01   1.6923800E-01   1.1071800E+01   3.2819329E+03   1.6050240E+03   6.0950573E+09   3.2700000E+03
   2.0632601E+00   8.0631792E+06   3.7197917E+01   1.7463200E-01   1.7463200E-01   1.1024000E+01   3.2850598E+03   1.5921695E+03   6.2221665E+09   3.2710000E+03
   1.9177901E+00   6.8680024E+06   3.3820833E+01   2.0103901E-01   2.0103901E-01   1.4384600E+01   3.0232877E+03   1.5764435E+03   5.6455699E+09   3.2720000E+03
   1.8286949E+00   5.9177268E+06   2.5885417E+01   2.0681299E-01   2.0681299E-01   1.6223600E+01   2.8186363E+03   1.5413377E+03   4.9878280E+09   3.2730000E+03
   1.8079053E+00   6.0435865E+06   2.4894583E+01   2.1521999E-01   2.1521999E-01   1.6602800E+01   2.7894334E+03   1.5429091E+03   5.1577396E+09   3.2740000E+03
   1.8700422E+00   6.1886887E+06   2.4557917E+01   2.2885500E-01   2.2885500E-01   2.3408100E+01   2.8612921E+03   1.5300682E+03   5.0635841E+09   3.2750000E+03
   1.9377300E+00   6.2857957E+06   2.0752084E+01   2.4025200E-01   2.4025200E-01   2.7815901E+01   2.8961463E+03   1.4946078E+03   4.8483529E+09   3.2760000E+03
   1.9103514E+00   6.0902270E+06   1.9060833E+01   2.6555799E-01   2.6555799E-01   2.7749901E+01   2.8271408E+03   1.4799062E+03   4.7179617E+09   3.2770000E+03
   1.8935234E+00   5.8184015E+06   1.6789584E+01   2.8296400E-01   2.8296400E-01   3.0657301E+01   2.7758224E+03   1.4659562E+03   4.5045769E+09   3.2780000E+03
   1.8343426E+00   5.7684961E+06   1.5467917E+01   2.9165100E-01   2.9165100E-01   3.3511501E+01   2.7297446E+03   1.4881323E+03   4.6797612E+09   3.2790000E+03
   1.8806558E+00   5.7384605E+06   1.5641250E+01   2.9785101E-01   2.9785101E-01   3.2717300E+01   2.7204231E+03   1.4465289E+03   4.4138056E+09   3.2800000E+03
   1.9080771E+00   5.7308981E+06   1.5711666E+01   3.0332199E-01   3.0332199E-01   2.9448500E+01   2.6896784E+03   1.4096278E+03   4.2338086E+09   3.2810000E+03
   1.9175772E+00   5.5994159E+06   1.4410834E+01   3.0304100E-01   3.0304100E-01   3.1838301E+01   2.6611929E+03   1.3877892E+03   4.0524100E+09   3.2820000E+03
   1.9240909E+00   5.5257787E+06   1.5255416E+01   3.0520800E-01   3.0520800E-01   3.4002102E+01   2.6403760E+03   1.3722720E+03   3.9410151E+09   3.2830000E+03
   1.9215832E+00   5.5031877E+06   1.5561250E+01   3.0162901E-01   3.0162901E-01   3.1706200E+01   2.6396717E+03   1.3736963E+03   3.9341043E+09   3.2840000E+03
   1.9388205E+00   5.5519326E+06   1.6047916E+01   2.9055599E-01   2.9055599E-01   3.1916401E+01   2.6566815E+03   1.3702566E+03   3.9238147E+09   3.2850000E+03
   1.9153290E+00   5.6921751E+06   1.6947083E+01   2.7764900E-01   2.7764900E-01   3.5981998E+01   2.6648761E+03   1.3913412E+03   4.1349334E+09   3.2860000E+03
   1.9584530E+00   6.0017282E+06   1.9321666E+01   2.7463499E-01   2.7463499E-01   3.2665699E+01   2.6908752E+03   1.3739800E+03   4.2105960E+09   3.2870000E+03
   1.9881513E+00   6.0100539E+06   1.9005834E+01   2.7167400E-01   2.7167400E-01   3.1567200E+01   2.6757731E+03   1.3458599E+03   4.0684483E+09   3.2880000E+03
   1.9739574E+00   5.6194399E+06   1.8647916E+01   2.7318501E-01   2.7318501E-01   3.2983200E+01   2.6538086E+03   1.3444103E+03   3.8272521E+09   3.2890000E+03
   1.9280469E+00   5.4758744E+06   2.3651250E+01   2.8578199E-01   2.8578199E-01   2.8987200E+01   2.5997598E+03   1.3483903E+03   3.8295833E+09   3.2900000E+03
   1.9056454E+00   5.3751309E+06   2.1292916E+01   2.8743700E-01   2.8743700E-01   3.1344101E+01   2.5697426E+03   1.3484894E+03   3.8035968E+09   3.2910000E+03
   1.9017615E+00   5.2846150E+06   1.7895833E+01   3.0205299E-01   3.0205299E-01   3.4196400E+01   2.5287660E+03   1.3296967E+03   3.6949612E+09   3.2920000E+03
   1.8849209E+00   5.1822918E+06   2.0697916E+01   3.1910601E-01   3.1910601E-01   3.4047699E+01   2.4972492E+03   1.3248562E+03   3.6424826E+09   3.2930000E+03
   1.8458866E+00   5.1474683E+06   2.1742084E+01   3.0031700E-01   3.0031700E-01   3.3646599E+01   2.5254973E+03   1.3681758E+03   3.8153164E+09   3.2940000E+03
   1.9870727E+00   5.9334771E+06   2.0484999E+01   2.7010799E-01   2.7010799E-01   3.1650299E+01   2.7439313E+03   1.3808913E+03   4.1233957E+09   3.2950000E+03
   2.0056686E+00   7.2015772E+06   2.4146667E+01   2.5701401E-01   2.5701401E-01   2.8614000E+01   3.0963872E+03   1.5438180E+03   5.5432510E+09   3.2960000E+03
   1.9588347E+00   7.7753751E+06   2.7139584E+01   2.3674700E-01   2.3674700E-01   2.4988600E+01   3.2739798E+03   1.6713916E+03   6.6344020E+09   3.2970000E+03
   1.8154869E+00   7.7019604E+06   2.6758749E+01   2.0866800E-01   2.0866800E-01   1.9317900E+01   3.2972131E+03   1.8161591E+03   7.7048120E+09   3.2980000E+03
   1.7701134E+00   7.7094784E+06   2.6288333E+01   1.8380199E-01   1.8380199E-01   1.6555799E+01   3.2890265E+03   1.8580880E+03   8.0926390E+09   3.2990000E+03
   1.7686191E+00   7.8039084E+06   3.1428749E+01   1.7512800E-01   1.7512800E-01   1.3932900E+01   3.2959868E+03   1.8635934E+03   8.2229757E+09   3.3000000E+03
   1.6897421E+00   7.3012059E+06   4.2029166E+01   1.8223000E-01   1.8223000E-01   7.2957001E+00   3.0458496E+03   1.8025530E+03   7.7886505E+09   3.3010000E+03

