   2.1562500E+01   2.3223400E-01   1.0931676E+10   9.4900831E+01   3.1910000E+03
   2.2179501E+01   2.3221600E-01   1.0435483E+10   9.4985835E+01   3.1960000E+03
   2.2096001E+01   2.3678600E-01   1.0611463E+10   9.7183752E+01   3.1970000E+03
   2.2240000E+01   2.4157900E-01   1.0595253E+10   9.9422916E+01   3.1980000E+03
   1.9877501E+01   2.3763800E-01   1.0120677E+10   9.8291246E+01   3.2010000E+03
   1.9304001E+01   2.4139400E-01   1.0179374E+10   1.0042792E+02   3.2020000E+03
   1.8712000E+01   2.4620800E-01   1.0021136E+10   1.0258625E+02   3.2030000E+03
   2.1632000E+01   2.4647100E-01   1.0016403E+10   1.0264042E+02   3.2040000E+03
   2.6127501E+01   2.4559700E-01   9.4130165E+09   1.0159708E+02   3.2070000E+03
   2.5957001E+01   2.3761000E-01   9.4297279E+09   9.7824583E+01   3.2080000E+03
   2.5427000E+01   2.2256500E-01   9.8863554E+09   9.1584585E+01   3.2090000E+03
   1.8096500E+01   2.1280100E-01   9.9189164E+09   8.6913750E+01   3.2100000E+03
   1.3530000E+01   2.0419701E-01   1.3333674E+10   8.2367080E+01   3.2110000E+03
   1.0138500E+01   1.5763300E-01   2.4705255E+10   6.5205419E+01   3.2160000E+03
   9.4230003E+00   1.5172900E-01   2.2635297E+10   6.3188752E+01   3.2170000E+03
   8.2945004E+00   1.4787600E-01   2.1434361E+10   6.1614585E+01   3.2180000E+03
   6.9510002E+00   1.4706200E-01   2.1360488E+10   6.1241665E+01   3.2190000E+03
   9.3175001E+00   1.5038000E-01   2.0844517E+10   6.2625002E+01   3.2200000E+03
   1.1464000E+01   1.5132000E-01   1.7820386E+10   6.3050416E+01   3.2210000E+03
   1.0572500E+01   1.4910700E-01   1.5366533E+10   6.2127915E+01   3.2220000E+03
   1.0931500E+01   1.5246700E-01   1.5606108E+10   6.3528334E+01   3.2230000E+03
   1.1525500E+01   1.6696100E-01   2.6325988E+10   6.6265001E+01   3.2290000E+03
   1.5553000E+01   2.1801201E-01   7.2296978E+09   8.1460002E+01   3.2320000E+03
   2.1089001E+01   2.3187901E-01   7.1865111E+09   8.5627915E+01   3.2330000E+03
   2.1610001E+01   2.5423500E-01   6.2792965E+09   9.1568750E+01   3.2350000E+03
   2.5652000E+01   2.5190300E-01   7.4779602E+09   8.3375418E+01   3.2380000E+03
   2.5639500E+01   2.4291300E-01   6.5876478E+09   8.1378753E+01   3.2390000E+03
   1.4491500E+01   1.7924200E-01   1.0749709E+10   6.6796251E+01   3.2440000E+03
   1.3227500E+01   1.5611900E-01   2.0139437E+10   6.0820834E+01   3.2460000E+03
   1.0498500E+01   1.5258000E-01   1.8045138E+10   6.0238332E+01   3.2470000E+03
   1.1252000E+01   1.4754900E-01   1.6195656E+10   5.8732917E+01   3.2480000E+03
   7.6840000E+00   1.4271900E-01   1.4936036E+10   5.6340834E+01   3.2490000E+03
   1.1505500E+01   1.3879400E-01   1.3907818E+10   5.6356664E+01   3.2510000E+03
   1.3988000E+01   1.3589000E-01   1.3903464E+10   5.5788751E+01   3.2520000E+03
   1.5433500E+01   1.3536100E-01   1.3596009E+10   5.5556250E+01   3.2530000E+03
   1.2430000E+01   1.3842700E-01   1.3578257E+10   5.5930001E+01   3.2540000E+03
   1.1201500E+01   1.4196800E-01   1.4850438E+10   5.6404167E+01   3.2550000E+03
   1.4012500E+01   1.4598400E-01   1.6752248E+10   5.6083751E+01   3.2560000E+03
   1.1803000E+01   1.5636200E-01   1.2161085E+10   4.3733751E+01   3.2630000E+03
   1.4533500E+01   1.5357600E-01   1.1484047E+10   4.6357500E+01   3.2640000E+03
   1.3839500E+01   1.4361000E-01   1.0462707E+10   5.4368333E+01   3.2660000E+03
   1.3084000E+01   1.4708700E-01   1.1881016E+10   5.8465415E+01   3.2670000E+03
   1.6125500E+01   1.5247500E-01   1.2789603E+10   6.1375833E+01   3.2680000E+03
   1.9703501E+01   1.4539400E-01   9.9475358E+09   5.8511668E+01   3.2710000E+03
   1.1919000E+01   1.4458300E-01   7.9069638E+09   5.7989583E+01   3.2720000E+03
   1.1334000E+01   1.3620200E-01   1.8083740E+10   5.4868750E+01   3.2730000E+03
   6.2280002E+00   1.2704300E-01   1.8922218E+10   5.2875415E+01   3.2760000E+03
   9.2440004E+00   1.3321500E-01   1.6109001E+10   5.3703332E+01   3.2800000E+03
   7.7690001E+00   1.3334400E-01   1.5170528E+10   5.2036667E+01   3.2810000E+03
   1.0172500E+01   1.3607900E-01   1.3803366E+10   4.8242501E+01   3.2830000E+03
   1.0694500E+01   1.4851700E-01   1.4419622E+10   4.7402083E+01   3.2840000E+03
   1.0180500E+01   1.6194700E-01   1.4444515E+10   4.6372500E+01   3.2850000E+03
   1.8191000E+01   1.9695801E-01   1.3400314E+10   3.2756251E+01   3.2880000E+03
   2.2727501E+01   2.1454800E-01   1.0396164E+10   3.2312917E+01   3.2890000E+03
   2.2809500E+01   2.2737200E-01   7.0264938E+09   2.5805416E+01   3.2910000E+03
   2.4453501E+01   2.3521200E-01   8.7139278E+09   2.6693751E+01   3.2940000E+03
   2.2926001E+01   2.2726000E-01   1.0397349E+10   2.5868751E+01   3.2960000E+03
   2.3104000E+01   2.2663601E-01   1.0132234E+10   2.6338334E+01   3.2970000E+03
   2.2891500E+01   2.2761801E-01   1.1873313E+10   2.4364584E+01   3.3010000E+03
   2.2386000E+01   2.3098900E-01   1.1331171E+10   2.4583749E+01   3.3020000E+03
   2.4984501E+01   2.4239000E-01   1.1090461E+10   2.7480000E+01   3.3050000E+03
   3.0184500E+01   2.7029400E-01   1.2692746E+10   2.4409583E+01   3.3100000E+03
   3.0294001E+01   2.8969101E-01   1.2711868E+10   2.2802083E+01   3.3130000E+03
   3.0982000E+01   2.9508301E-01   1.1716474E+10   2.8921249E+01   3.3160000E+03
   3.0407000E+01   2.8567900E-01   1.2428441E+10   3.8365833E+01   3.3190000E+03
   2.9211000E+01   2.6481701E-01   1.2424265E+10   3.2222082E+01   3.3220000E+03
   2.9038500E+01   2.6179300E-01   1.1979870E+10   2.8102916E+01   3.3230000E+03
   2.4617001E+01   2.7277300E-01   1.2833815E+10   1.9403751E+01   3.3250000E+03
   2.3903000E+01   2.7924801E-01   1.3695912E+10   1.8181250E+01   3.3260000E+03
   3.1173500E+01   2.9046400E-01   1.2917553E+10   2.1481666E+01   3.3280000E+03
   3.2678501E+01   2.9256500E-01   1.1470405E+10   2.7481251E+01   3.3290000E+03
   2.9680500E+01   2.1586100E-01   1.1629421E+10   5.2438749E+01   3.3330000E+03
   1.8513500E+01   1.8229500E-01   1.1413482E+10   5.0011667E+01   3.3350000E+03
   1.5276000E+01   1.7848200E-01   1.4682661E+10   3.6337084E+01   3.3370000E+03
   2.5568501E+01   2.1976601E-01   1.3261775E+10   1.9877917E+01   3.3410000E+03
   2.8436001E+01   2.1966400E-01   1.2646320E+10   1.8180834E+01   3.3430000E+03
   2.9108500E+01   2.7005100E-01   1.1176482E+10   1.3527500E+01   3.3480000E+03
   3.3301498E+01   3.1480400E-01   8.8393444E+09   9.8954171E+00   3.3520000E+03
   3.4283501E+01   3.1830200E-01   8.6037594E+09   8.3183333E+00   3.3560000E+03
   3.4431000E+01   3.2181900E-01   8.5188942E+09   8.7816666E+00   3.3570000E+03
   3.4795502E+01   3.2485901E-01   9.0077007E+09   9.8291665E+00   3.3590000E+03
   3.4811001E+01   3.2512600E-01   8.8438742E+09   1.0435416E+01   3.3600000E+03
   3.4471001E+01   3.2066700E-01   8.5513628E+09   1.0740416E+01   3.3610000E+03
   3.4129002E+01   3.0728600E-01   8.4661306E+09   1.1820417E+01   3.3620000E+03
   3.3367001E+01   2.8492300E-01   8.6489732E+09   1.5329584E+01   3.3630000E+03
   2.8937000E+01   2.4719801E-01   8.9465024E+09   2.1282917E+01   3.3640000E+03
   2.4179501E+01   2.1820400E-01   8.9582910E+09   2.6112500E+01   3.3650000E+03
   1.6667500E+01   1.4791900E-01   1.4534760E+10   5.9422501E+01   3.3690000E+03
   1.5085000E+01   1.4951700E-01   1.4344605E+10   6.2234584E+01   3.3700000E+03
   1.3035000E+01   1.4012900E-01   1.5447539E+10   5.8387500E+01   3.3720000E+03
   1.1435000E+01   1.3205700E-01   1.6157014E+10   5.5023750E+01   3.3730000E+03
   1.2267500E+01   1.2877100E-01   1.6343412E+10   5.3654583E+01   3.3740000E+03
   1.2933000E+01   1.2687800E-01   1.5609229E+10   5.2865834E+01   3.3750000E+03
   1.3563000E+01   1.2440600E-01   1.5159711E+10   5.1835833E+01   3.3760000E+03
   1.4732500E+01   1.2197300E-01   1.5103585E+10   5.0822083E+01   3.3770000E+03
   1.4585000E+01   1.2289100E-01   1.5276666E+10   5.1204582E+01   3.3780000E+03
   1.3844000E+01   1.2754300E-01   1.5601959E+10   5.3142501E+01   3.3790000E+03
   1.1946000E+01   1.2965400E-01   1.6491238E+10   5.3987500E+01   3.3800000E+03
   7.5475001E+00   1.2621200E-01   1.9029543E+10   5.1701665E+01   3.3830000E+03
   7.6065001E+00   1.3028200E-01   1.6249201E+10   5.3508334E+01   3.3840000E+03
   7.8315001E+00   1.3330900E-01   1.4835591E+10   5.4618334E+01   3.3850000E+03
   1.0865500E+01   1.3494800E-01   1.5476816E+10   5.4359585E+01   3.3860000E+03
   1.2945500E+01   1.3218100E-01   1.5856571E+10   5.0703750E+01   3.3870000E+03
   1.3663000E+01   1.4052000E-01   1.5557944E+10   5.0935415E+01   3.3880000E+03
   1.3989000E+01   1.6084801E-01   1.7032290E+10   5.1154168E+01   3.3900000E+03
   1.5275500E+01   1.7439600E-01   1.3516581E+10   4.7408333E+01   3.3910000E+03
   2.8919500E+01   2.7309200E-01   1.0325609E+10   2.8292500E+01   3.3960000E+03
   2.7648001E+01   2.9015400E-01   1.0557287E+10   2.1862084E+01   3.4000000E+03
   3.1375000E+01   3.0085800E-01   1.0665536E+10   2.1550416E+01   3.4020000E+03
   2.9452000E+01   2.8682800E-01   1.1096230E+10   2.0257501E+01   3.4080000E+03
   2.6988501E+01   2.8414400E-01   1.1090129E+10   2.1451666E+01   3.4090000E+03
   2.0302000E+01   2.5061800E-01   1.3402820E+10   2.5266251E+01   3.4150000E+03
   2.7946501E+01   2.5366100E-01   1.1583562E+10   2.5011666E+01   3.4180000E+03
   3.0381500E+01   2.8741100E-01   1.0841879E+10   2.3805833E+01   3.4200000E+03
   2.7886000E+01   2.9277300E-01   1.0960487E+10   1.9823333E+01   3.4220000E+03
   2.7079000E+01   2.9209200E-01   1.1564058E+10   1.8675418E+01   3.4230000E+03
   3.0881001E+01   2.8880400E-01   1.1678310E+10   1.7736250E+01   3.4240000E+03
   3.0434500E+01   2.8257200E-01   1.1282428E+10   1.7270417E+01   3.4250000E+03
   2.4868500E+01   2.7403900E-01   1.1075760E+10   1.8316249E+01   3.4260000E+03
   2.4430500E+01   2.6093100E-01   1.1292598E+10   1.8426666E+01   3.4270000E+03
   1.6892500E+01   2.5159201E-01   1.2637077E+10   1.8176250E+01   3.4290000E+03
   2.4701500E+01   2.5151600E-01   1.3742678E+10   1.9375000E+01   3.4300000E+03
   3.0912001E+01   2.5130501E-01   1.0927022E+10   1.9125833E+01   3.4320000E+03
   2.8598000E+01   2.5892300E-01   9.7366081E+09   2.3342500E+01   3.4340000E+03
   2.7839500E+01   2.5729601E-01   9.8082419E+09   2.4130833E+01   3.4350000E+03
   2.3896000E+01   2.5507000E-01   1.2789540E+10   2.4892501E+01   3.4370000E+03
   2.7618500E+01   2.4422300E-01   1.3957298E+10   2.7547083E+01   3.4380000E+03
   2.6595501E+01   2.3138300E-01   1.2505143E+10   3.1454583E+01   3.4390000E+03
   1.6841000E+01   2.0215500E-01   1.0891590E+10   3.5290416E+01   3.4410000E+03
   1.4479500E+01   1.2328400E-01   2.0944000E+10   5.1120832E+01   3.4460000E+03
   1.6572001E+01   1.3145300E-01   1.2297266E+10   5.4755418E+01   3.4470000E+03
   1.7280001E+01   1.3631700E-01   1.1480791E+10   5.6166250E+01   3.4480000E+03
   1.5658000E+01   1.4416000E-01   1.4150569E+10   5.8635834E+01   3.4500000E+03
   1.6441000E+01   1.4618700E-01   1.3549554E+10   6.0166667E+01   3.4510000E+03
   1.7721500E+01   1.3897000E-01   1.3642571E+10   5.7853334E+01   3.4520000E+03
   1.5041500E+01   1.3253800E-01   1.4174737E+10   5.5224167E+01   3.4530000E+03
   1.4176500E+01   1.3214100E-01   1.4760071E+10   5.5059167E+01   3.4540000E+03
   1.5342000E+01   1.3416500E-01   1.4249812E+10   5.5769585E+01   3.4550000E+03
   1.3703000E+01   1.3211800E-01   1.4820125E+10   5.4392081E+01   3.4560000E+03
   1.3649000E+01   1.2856300E-01   1.5505814E+10   5.2311250E+01   3.4570000E+03
   1.7509001E+01   1.2591300E-01   1.5059551E+10   5.1279585E+01   3.4580000E+03
   1.6470501E+01   1.2406700E-01   1.3985909E+10   5.0970834E+01   3.4590000E+03
   1.3837500E+01   1.2031600E-01   1.3346468E+10   4.9467083E+01   3.4600000E+03
   6.0475001E+00   1.0798300E-01   2.2661055E+10   4.4984167E+01   3.4630000E+03
   7.4905000E+00   1.0066600E-01   1.7756802E+10   4.0824167E+01   3.4660000E+03
   8.4925003E+00   1.0590500E-01   1.3210533E+10   4.3081667E+01   3.4680000E+03
   1.1150500E+01   1.1605600E-01   1.4916028E+10   4.6706669E+01   3.4700000E+03
   1.3360500E+01   1.2430000E-01   1.3808648E+10   5.0552500E+01   3.4710000E+03
   1.7565001E+01   1.3961900E-01   1.1836771E+10   5.7407084E+01   3.4720000E+03
   1.9839001E+01   1.5596700E-01   1.1669372E+10   6.4192083E+01   3.4730000E+03
   1.9590000E+01   1.6550600E-01   1.2678072E+10   6.7746665E+01   3.4740000E+03
   1.7505501E+01   1.8201200E-01   1.4041878E+10   7.4217085E+01   3.4760000E+03
   1.8311001E+01   1.8848900E-01   1.4516976E+10   7.7414164E+01   3.4770000E+03
   1.9205000E+01   1.8630600E-01   1.4328529E+10   7.6645001E+01   3.4780000E+03
   1.6732000E+01   1.7541201E-01   1.4518170E+10   7.2249167E+01   3.4790000E+03
   1.4232500E+01   1.6440001E-01   1.5010884E+10   6.7589167E+01   3.4800000E+03
   1.2753500E+01   1.5856000E-01   1.5883528E+10   6.5050000E+01   3.4810000E+03
   1.2183500E+01   1.4962800E-01   1.6929161E+10   6.1072918E+01   3.4820000E+03
   1.1132500E+01   1.3824200E-01   1.7010396E+10   5.6056668E+01   3.4830000E+03
   1.2666500E+01   1.2855600E-01   1.6492395E+10   5.3173335E+01   3.4860000E+03
   9.3140001E+00   1.2917200E-01   2.0511118E+10   5.2978749E+01   3.4890000E+03
   8.5675001E+00   1.3341500E-01   1.9362593E+10   5.4140418E+01   3.4900000E+03
   1.0690500E+01   1.3249500E-01   1.7050117E+10   5.3206669E+01   3.4910000E+03
   1.5351500E+01   1.3072400E-01   1.4280171E+10   5.2619585E+01   3.4920000E+03
   1.1207000E+01   1.3295500E-01   1.7550015E+10   5.3146666E+01   3.4960000E+03
   1.1936500E+01   1.2702800E-01   2.0244537E+10   5.0939167E+01   3.4980000E+03
   1.2822000E+01   1.0934200E-01   1.6248346E+10   4.4316248E+01   3.5000000E+03
   1.2416500E+01   1.0759600E-01   1.6335254E+10   4.4069167E+01   3.5020000E+03
   9.2375002E+00   1.0528600E-01   1.7662261E+10   4.2987084E+01   3.5030000E+03
   7.5660000E+00   1.1351100E-01   2.1371438E+10   4.6108751E+01   3.5050000E+03
   9.8020000E+00   1.2462200E-01   1.6707518E+10   5.0145001E+01   3.5110000E+03
   1.1358500E+01   1.2575100E-01   1.7829794E+10   5.0854168E+01   3.5120000E+03
   1.2944500E+01   1.3014800E-01   1.6632654E+10   5.3010418E+01   3.5130000E+03
   1.9857000E+01   1.4784600E-01   1.0567435E+10   5.7791251E+01   3.5150000E+03
   1.8710501E+01   1.6320200E-01   1.2836328E+10   5.4958749E+01   3.5160000E+03
   1.5107500E+01   1.6298300E-01   1.6969684E+10   5.4135417E+01   3.5180000E+03
   8.9280005E+00   1.5542900E-01   1.4217253E+10   5.0358750E+01   3.5190000E+03
   4.1015000E+00   1.4774700E-01   1.6519129E+10   4.8371248E+01   3.5200000E+03
   1.3824500E+01   1.2253000E-01   1.4350349E+10   4.8718334E+01   3.5230000E+03
   1.6082001E+01   1.1834200E-01   1.2882029E+10   4.8335416E+01   3.5240000E+03
   1.2890000E+01   1.2553900E-01   1.6358939E+10   5.1882083E+01   3.5260000E+03
   1.1505500E+01   1.2795700E-01   2.2576465E+10   5.3207084E+01   3.5270000E+03
   1.0250000E+01   1.2729700E-01   1.9698941E+10   5.3040001E+01   3.5280000E+03
   1.0495500E+01   1.2311100E-01   1.6513287E+10   5.1296250E+01   3.5290000E+03
   1.1188500E+01   1.2180200E-01   1.5593750E+10   5.0589583E+01   3.5300000E+03
   1.1108000E+01   1.2909100E-01   1.4555358E+10   5.2900834E+01   3.5310000E+03
   1.0150500E+01   1.3480000E-01   1.5101558E+10   5.4250419E+01   3.5330000E+03
   1.5138500E+01   1.3470100E-01   1.4538593E+10   5.4343333E+01   3.5340000E+03
   1.6427000E+01   1.4215900E-01   1.3310909E+10   5.7827085E+01   3.5350000E+03
   1.5564000E+01   1.4966800E-01   1.2867068E+10   6.0355835E+01   3.5360000E+03
   1.6725500E+01   1.5459000E-01   1.3587689E+10   6.1392500E+01   3.5370000E+03
   1.3634000E+01   1.5325000E-01   1.4791804E+10   6.0483751E+01   3.5380000E+03
   1.0398000E+01   1.2411400E-01   1.8797202E+10   5.0394168E+01   3.5420000E+03
   1.0224500E+01   1.1378500E-01   1.6630207E+10   4.7058334E+01   3.5430000E+03
   1.0086500E+01   1.1823700E-01   1.6846174E+10   4.8062083E+01   3.5470000E+03
   1.0211000E+01   1.2209500E-01   1.9683909E+10   4.5515833E+01   3.5490000E+03
   1.0265500E+01   1.2252100E-01   2.1555628E+10   4.3064166E+01   3.5500000E+03
   1.0212000E+01   1.3194700E-01   2.0403577E+10   3.9642918E+01   3.5520000E+03
   2.0720501E+01   1.8204100E-01   2.2526624E+10   2.8077917E+01   3.5550000E+03
   2.9375000E+01   2.1803801E-01   1.3198685E+10   2.1304166E+01   3.5570000E+03
   2.0601500E+01   2.6027000E-01   1.3188785E+10   2.0634584E+01   3.5600000E+03
   2.4476000E+01   2.5474400E-01   1.4829777E+10   2.0382084E+01   3.5620000E+03
   2.5649500E+01   2.6849800E-01   1.1450434E+10   1.9787916E+01   3.5660000E+03
   2.8656500E+01   2.7851900E-01   1.2156648E+10   1.8725001E+01   3.5680000E+03
   2.9860001E+01   2.8522800E-01   1.1939606E+10   1.8515416E+01   3.5690000E+03
   3.1042500E+01   2.8838800E-01   1.1659167E+10   1.6265000E+01   3.5700000E+03
   2.7318501E+01   2.8906000E-01   1.1157902E+10   1.5158750E+01   3.5730000E+03
   2.5108500E+01   2.8982201E-01   1.1365430E+10   1.4691250E+01   3.5740000E+03
   2.8720501E+01   2.8521500E-01   1.1351177E+10   1.4555833E+01   3.5750000E+03
   3.0006001E+01   2.7334900E-01   1.0872241E+10   1.5819166E+01   3.5770000E+03
   2.5798000E+01   2.7593100E-01   1.1032627E+10   1.6810833E+01   3.5780000E+03
   2.5503500E+01   2.7588400E-01   1.2455731E+10   1.8548750E+01   3.5820000E+03
   2.9024500E+01   2.7911100E-01   1.1796763E+10   1.8684584E+01   3.5840000E+03
   2.5354500E+01   2.7086800E-01   1.2274270E+10   2.0722084E+01   3.5870000E+03
   2.2344500E+01   2.6191601E-01   1.3170888E+10   2.3584583E+01   3.5880000E+03
   2.4652000E+01   2.4145000E-01   1.3305290E+10   2.6344583E+01   3.5890000E+03
   2.3165501E+01   2.1920200E-01   1.3976498E+10   3.0152917E+01   3.5900000E+03
   1.3593000E+01   2.0079300E-01   1.4051010E+10   3.4552500E+01   3.5910000E+03
   1.0191000E+01   1.7872200E-01   1.5208543E+10   3.5915416E+01   3.5920000E+03
   1.0500000E+01   1.4971000E-01   1.9373320E+10   4.2732501E+01   3.5940000E+03
   1.2337000E+01   1.4215900E-01   1.3351906E+10   5.3956248E+01   3.5970000E+03
   1.3202000E+01   1.4566500E-01   1.3704627E+10   5.7044585E+01   3.5980000E+03
   1.2822500E+01   1.4266300E-01   1.5027923E+10   5.8120832E+01   3.6000000E+03
   6.4745002E+00   1.4368300E-01   1.8637693E+10   5.8756251E+01   3.6010000E+03
   5.4790001E+00   1.4572900E-01   2.7300201E+10   5.9762500E+01   3.6020000E+03
   1.2531000E+01   1.5292000E-01   2.5169551E+10   6.3502498E+01   3.6040000E+03
   1.3955500E+01   1.7386400E-01   1.4263200E+10   7.1959170E+01   3.6060000E+03
   1.4758500E+01   1.7931000E-01   1.1826302E+10   7.4619168E+01   3.6070000E+03
   1.5252000E+01   1.7963800E-01   1.2120977E+10   7.4505420E+01   3.6080000E+03
   1.3846500E+01   1.6884600E-01   1.5052813E+10   6.8920002E+01   3.6100000E+03
   1.6326000E+01   1.6495001E-01   1.5220196E+10   6.6613335E+01   3.6120000E+03
   2.1082001E+01   1.8054600E-01   1.4184635E+10   7.1828750E+01   3.6150000E+03
   2.0901501E+01   1.8632900E-01   1.3265480E+10   7.3763752E+01   3.6160000E+03
   1.8312500E+01   1.8121300E-01   1.3246419E+10   7.2233752E+01   3.6190000E+03
   1.7021000E+01   1.6986200E-01   1.3589426E+10   6.8007502E+01   3.6200000E+03
   1.5044500E+01   1.6339100E-01   1.3622781E+10   6.6454167E+01   3.6210000E+03
   1.0497000E+01   1.6154800E-01   1.4479159E+10   6.6214584E+01   3.6220000E+03
   8.5550003E+00   1.5888600E-01   1.7064577E+10   6.5148331E+01   3.6230000E+03
   9.8730001E+00   1.5026900E-01   1.8273900E+10   6.1816667E+01   3.6240000E+03
   1.2592000E+01   1.5182500E-01   1.5131977E+10   6.2822918E+01   3.6250000E+03
   1.7538500E+01   1.5813700E-01   1.4359077E+10   6.5833749E+01   3.6280000E+03
   1.5597500E+01   1.5848600E-01   1.4724172E+10   6.6032500E+01   3.6300000E+03
   1.6358000E+01   1.5089400E-01   1.5508522E+10   6.2737500E+01   3.6310000E+03
   1.5295000E+01   1.5332900E-01   1.6050409E+10   6.3503750E+01   3.6320000E+03
   1.4895000E+01   1.5677300E-01   1.5922233E+10   6.4495417E+01   3.6330000E+03
   1.7062000E+01   1.4859200E-01   1.5437383E+10   6.1080416E+01   3.6340000E+03
   1.5190000E+01   1.4214300E-01   1.5012115E+10   5.8071252E+01   3.6350000E+03
   1.3963500E+01   1.4742000E-01   1.5873632E+10   5.9455001E+01   3.6360000E+03
   1.6305500E+01   1.5554500E-01   1.6943557E+10   6.2423335E+01   3.6370000E+03
   1.4902500E+01   1.5955600E-01   1.6179101E+10   6.3638748E+01   3.6380000E+03
   1.7548500E+01   1.6277300E-01   1.4954638E+10   6.5042501E+01   3.6390000E+03
   1.8342501E+01   1.6502001E-01   1.3392774E+10   6.6108333E+01   3.6400000E+03
   1.8663000E+01   1.6497200E-01   1.2981558E+10   6.6094583E+01   3.6410000E+03
   1.5972500E+01   1.6145100E-01   1.3564270E+10   6.4762084E+01   3.6420000E+03
   1.4073500E+01   1.5497000E-01   1.4140676E+10   6.2752084E+01   3.6430000E+03
   1.1529500E+01   1.4401900E-01   1.8546453E+10   5.8713749E+01   3.6460000E+03
   1.3982500E+01   1.5382200E-01   1.2678075E+10   6.2987084E+01   3.6490000E+03
   1.3189500E+01   1.4874300E-01   1.5272686E+10   6.0532502E+01   3.6510000E+03
   1.3971000E+01   1.5212600E-01   1.5443001E+10   6.1564583E+01   3.6520000E+03
   1.4308000E+01   1.3586200E-01   1.7483428E+10   5.2506666E+01   3.6540000E+03
   9.2205000E+00   1.4061200E-01   1.9716608E+10   5.1337085E+01   3.6550000E+03
   1.2427500E+01   1.5108400E-01   2.1814100E+10   4.5293750E+01   3.6570000E+03
   1.6781500E+01   1.4967600E-01   1.9358213E+10   4.2122084E+01   3.6580000E+03
   1.9631500E+01   1.4321200E-01   1.4453341E+10   3.9186249E+01   3.6600000E+03
   1.3721000E+01   1.4108400E-01   1.4043317E+10   3.9497083E+01   3.6610000E+03
   1.0246000E+01   1.3430900E-01   1.5293085E+10   4.1691250E+01   3.6620000E+03
   1.0482500E+01   1.2570800E-01   1.7100449E+10   4.3535835E+01   3.6630000E+03
   1.0608500E+01   1.2029400E-01   1.7573187E+10   4.5939584E+01   3.6650000E+03
   1.0833000E+01   1.2863500E-01   1.7163796E+10   4.6500416E+01   3.6660000E+03
   1.2803000E+01   1.4275900E-01   1.6395118E+10   4.9108750E+01   3.6670000E+03
   1.4723000E+01   1.5546200E-01   1.5415398E+10   5.0144583E+01   3.6680000E+03
   1.8083500E+01   1.6730101E-01   1.5467868E+10   5.0512915E+01   3.6700000E+03
   1.7964500E+01   1.7231501E-01   1.4720573E+10   5.1912500E+01   3.6710000E+03
   1.6305500E+01   1.7457800E-01   1.3923007E+10   5.1475419E+01   3.6720000E+03
   1.4980500E+01   1.6700100E-01   1.4972155E+10   4.9586668E+01   3.6740000E+03
   1.5043000E+01   1.6002300E-01   1.5571306E+10   4.8132084E+01   3.6750000E+03
   1.0263500E+01   1.4840300E-01   1.4683548E+10   4.5003751E+01   3.6770000E+03
   9.3065004E+00   1.5307400E-01   1.4977463E+10   4.4598751E+01   3.6780000E+03
   1.2556500E+01   1.6226601E-01   1.5625628E+10   4.1645833E+01   3.6790000E+03
   1.3744000E+01   1.7456900E-01   1.5939362E+10   3.3859167E+01   3.6800000E+03
   1.8361000E+01   1.9667200E-01   1.5813876E+10   2.9165417E+01   3.6810000E+03
   2.7539000E+01   1.9695000E-01   1.3877293E+10   2.3202083E+01   3.6840000E+03
   2.2554001E+01   1.8223101E-01   1.3958676E+10   2.3925833E+01   3.6850000E+03
   1.0236500E+01   1.7112200E-01   1.4290180E+10   2.7174167E+01   3.6860000E+03
   8.3485003E+00   1.3004000E-01   1.6418830E+10   4.0048332E+01   3.6880000E+03
   8.0155001E+00   1.2346700E-01   1.8844011E+10   4.9253334E+01   3.6910000E+03
   7.5085001E+00   1.2205700E-01   1.8469003E+10   4.6838749E+01   3.6920000E+03
   1.0438000E+01   1.2851000E-01   1.6390221E+10   4.4014585E+01   3.6950000E+03
   1.0060500E+01   1.2859400E-01   1.5037289E+10   4.3050001E+01   3.6960000E+03
   1.3398500E+01   1.2777200E-01   1.4259276E+10   4.2376250E+01   3.6970000E+03
   6.7855000E+00   1.2343100E-01   1.5045984E+10   4.0920834E+01   3.7000000E+03
   1.0503500E+01   1.2205000E-01   1.5876348E+10   4.1988335E+01   3.7010000E+03
   1.1112500E+01   1.2118100E-01   1.5102964E+10   4.1973333E+01   3.7020000E+03
   7.1520000E+00   1.2982600E-01   1.4033783E+10   4.6285834E+01   3.7040000E+03
   1.0558000E+01   1.3212000E-01   1.2771983E+10   4.8882500E+01   3.7050000E+03
   8.5900002E+00   1.3015100E-01   1.3356759E+10   4.9468749E+01   3.7070000E+03
   1.0849500E+01   1.2948800E-01   1.4049081E+10   4.9300002E+01   3.7080000E+03
   1.2708500E+01   1.2702400E-01   1.4550955E+10   4.9377501E+01   3.7090000E+03
   1.1723500E+01   1.2703400E-01   1.6277804E+10   4.9882082E+01   3.7100000E+03
   1.1202000E+01   1.2777100E-01   1.6857912E+10   5.0015418E+01   3.7110000E+03
   1.4157500E+01   1.2494600E-01   1.4936186E+10   4.9086250E+01   3.7120000E+03
   9.2880001E+00   1.2672200E-01   1.4220619E+10   5.2360415E+01   3.7160000E+03
   8.8485003E+00   1.3408900E-01   1.7463637E+10   5.5617500E+01   3.7190000E+03
   1.0539000E+01   1.2834400E-01   1.6322562E+10   5.2755002E+01   3.7200000E+03
   1.4048000E+01   1.2930900E-01   1.4410793E+10   5.2211250E+01   3.7210000E+03
   1.5495500E+01   1.3479500E-01   1.3502371E+10   5.3942918E+01   3.7220000E+03
   1.2812500E+01   1.3515300E-01   1.3521296E+10   5.4150835E+01   3.7230000E+03
   1.2184500E+01   1.3324100E-01   1.3415675E+10   5.4232084E+01   3.7240000E+03
   1.1719500E+01   1.3665100E-01   1.3560647E+10   5.5447085E+01   3.7250000E+03
   1.0940000E+01   1.3736500E-01   1.4270452E+10   5.5059582E+01   3.7260000E+03
   1.0888000E+01   1.3225700E-01   1.3585779E+10   5.2626666E+01   3.7270000E+03
   1.2358500E+01   1.3169300E-01   1.3715461E+10   5.4138332E+01   3.7290000E+03
   1.2367000E+01   1.1927700E-01   1.5247078E+10   4.8022501E+01   3.7300000E+03
   7.6890001E+00   1.2804500E-01   1.5853316E+10   4.2805834E+01   3.7320000E+03
   4.4705000E+00   1.3482700E-01   2.0437264E+10   3.9204166E+01   3.7330000E+03
   1.8543501E+01   1.7641100E-01   1.3415291E+10   3.6357917E+01   3.7360000E+03
   2.0191000E+01   1.8913900E-01   1.2634017E+10   4.5635834E+01   3.7370000E+03
   1.8056000E+01   1.7556400E-01   1.4506565E+10   6.9632086E+01   3.7430000E+03
   1.3385000E+01   1.7774200E-01   1.4901588E+10   7.0941250E+01   3.7460000E+03
   1.3056000E+01   1.8612801E-01   1.5338287E+10   7.4285836E+01   3.7470000E+03
   1.7234501E+01   1.8768700E-01   1.4692736E+10   7.5304585E+01   3.7480000E+03
   1.7313000E+01   1.8145700E-01   1.3166426E+10   7.3126668E+01   3.7490000E+03
   1.5972500E+01   1.7483200E-01   1.2558409E+10   7.0610833E+01   3.7500000E+03
   1.8111500E+01   1.7252100E-01   1.4269194E+10   7.0200833E+01   3.7510000E+03
   1.5759500E+01   1.6444901E-01   1.5764046E+10   6.7148749E+01   3.7520000E+03
   1.2410000E+01   1.5026900E-01   1.6840944E+10   6.1803333E+01   3.7530000E+03
   1.2380000E+01   1.4018700E-01   1.6730241E+10   5.7662082E+01   3.7540000E+03
   1.3577000E+01   1.4295400E-01   1.5824842E+10   5.8857918E+01   3.7550000E+03
   1.4630500E+01   1.4928400E-01   1.5732203E+10   6.1907502E+01   3.7560000E+03
   1.2649000E+01   1.5650600E-01   1.5776890E+10   6.5122083E+01   3.7570000E+03
   1.5884500E+01   1.5826600E-01   1.4423973E+10   6.2152917E+01   3.7590000E+03
   1.8861000E+01   1.5466500E-01   1.3764442E+10   5.8580001E+01   3.7600000E+03
   2.1203501E+01   1.5153700E-01   1.3657109E+10   5.4801667E+01   3.7610000E+03
   1.0632500E+01   1.3206400E-01   2.0422085E+10   4.6908332E+01   3.7630000E+03
   6.3585000E+00   1.2073200E-01   2.3338214E+10   4.3324584E+01   3.7640000E+03
   5.7835002E+00   1.2079600E-01   1.8316870E+10   4.5590418E+01   3.7660000E+03
   5.4955001E+00   1.2697500E-01   1.5346457E+10   5.0003749E+01   3.7670000E+03
   9.4370003E+00   1.3943100E-01   1.2007781E+10   5.6367917E+01   3.7690000E+03
   1.3956000E+01   1.5608700E-01   1.4820867E+10   6.3805001E+01   3.7740000E+03
   8.9645004E+00   1.7397100E-01   1.5874112E+10   7.2333751E+01   3.7770000E+03
   1.4574000E+01   1.7000700E-01   1.5014918E+10   7.0835833E+01   3.7780000E+03
   1.5175500E+01   1.8045401E-01   1.3814267E+10   7.5153749E+01   3.7790000E+03
   1.0275500E+01   1.9230400E-01   1.7008609E+10   7.8250417E+01   3.7810000E+03
   1.1297000E+01   1.9011101E-01   1.8267483E+10   7.7177501E+01   3.7820000E+03
   1.4081500E+01   1.8167400E-01   1.2263832E+10   7.4775004E+01   3.7840000E+03
   1.4068500E+01   1.7680000E-01   1.1600160E+10   7.3592498E+01   3.7850000E+03
   1.3860000E+01   1.6876200E-01   1.0698008E+10   7.0317087E+01   3.7860000E+03
   1.0960500E+01   1.5436500E-01   1.8093246E+10   6.2467916E+01   3.7890000E+03
   1.0793000E+01   1.4963100E-01   1.6177678E+10   5.9820418E+01   3.7900000E+03
   8.2725000E+00   1.5686800E-01   1.8296125E+10   6.5342918E+01   3.7930000E+03
   1.2303500E+01   1.6835400E-01   1.4833298E+10   7.0018749E+01   3.7950000E+03
   1.6679501E+01   1.8987000E-01   1.3110137E+10   7.6054583E+01   3.7980000E+03
   1.3898500E+01   1.7866600E-01   1.1789116E+10   7.1945418E+01   3.8000000E+03
   4.8985000E+00   1.7784500E-01   2.2502432E+10   7.2371670E+01   3.8020000E+03
   1.5225000E+01   1.5570700E-01   1.5144572E+10   6.4137500E+01   3.8040000E+03
   1.2426500E+01   1.5347000E-01   1.1109158E+10   6.3629584E+01   3.8050000E+03
   1.2674500E+01   1.6256800E-01   1.5113719E+10   6.6944167E+01   3.8070000E+03
   1.8837500E+01   1.9136900E-01   1.1877482E+10   7.8756664E+01   3.8110000E+03
   1.4864500E+01   1.9005600E-01   1.3510356E+10   7.5720836E+01   3.8150000E+03
   1.3784000E+01   1.8785000E-01   1.4950029E+10   7.5109580E+01   3.8160000E+03
   1.3752500E+01   1.8114401E-01   1.5075448E+10   7.3851249E+01   3.8170000E+03
   1.4317000E+01   1.6766100E-01   1.4810206E+10   6.9631667E+01   3.8180000E+03
   1.2816500E+01   1.5275900E-01   1.5049240E+10   6.3071249E+01   3.8200000E+03
   7.5390000E+00   1.2751900E-01   2.2952427E+10   5.0880000E+01   3.8220000E+03
   8.9770002E+00   1.2092200E-01   2.2794411E+10   4.9132498E+01   3.8230000E+03
   7.3565001E+00   1.2625600E-01   2.1757980E+10   5.0766668E+01   3.8250000E+03
   1.2330500E+01   1.6438400E-01   1.3709898E+10   6.7847918E+01   3.8290000E+03
   1.5334000E+01   1.8177200E-01   1.2483546E+10   7.4491667E+01   3.8300000E+03
   1.6176500E+01   1.9450500E-01   1.2134564E+10   7.9292498E+01   3.8310000E+03
   1.6288500E+01   1.9226000E-01   1.1739666E+10   8.0104168E+01   3.8340000E+03
   1.5744500E+01   1.8426100E-01   1.2202686E+10   7.6563748E+01   3.8360000E+03
   1.4481500E+01   1.8133801E-01   1.1730200E+10   7.3161252E+01   3.8370000E+03
   1.2423000E+01   1.7483801E-01   1.2302898E+10   6.9486252E+01   3.8380000E+03
   1.2873000E+01   1.5467600E-01   1.6093354E+10   6.3775415E+01   3.8400000E+03
   1.2764000E+01   1.4837200E-01   1.6237836E+10   6.1821251E+01   3.8410000E+03
   9.3085003E+00   1.3528900E-01   1.8113248E+10   5.2575833E+01   3.8440000E+03
   1.0686500E+01   1.3929400E-01   1.8533497E+10   5.4876668E+01   3.8450000E+03
   1.1049000E+01   1.5505100E-01   1.8184987E+10   6.4473749E+01   3.8480000E+03
   1.7000000E+01   1.6708900E-01   1.5962538E+10   6.7846668E+01   3.8490000E+03
   1.7367500E+01   1.8721901E-01   1.2369818E+10   7.3242087E+01   3.8510000E+03
   1.7118000E+01   1.7012100E-01   1.4420140E+10   7.0586667E+01   3.8560000E+03
   1.3328000E+01   1.6723301E-01   1.6226371E+10   6.9662081E+01   3.8570000E+03
   1.2010500E+01   1.5765400E-01   1.5004460E+10   6.2217502E+01   3.8610000E+03
   1.0475500E+01   1.4427000E-01   1.6806149E+10   5.9092082E+01   3.8620000E+03
   1.0870500E+01   1.2878000E-01   1.8071698E+10   5.3658334E+01   3.8640000E+03
   1.3578500E+01   1.2753500E-01   1.5882883E+10   5.3118749E+01   3.8650000E+03
   1.5007500E+01   1.2461300E-01   1.7202830E+10   4.6879584E+01   3.8670000E+03
   1.0917000E+01   1.3522300E-01   1.8052358E+10   4.6189167E+01   3.8680000E+03
   8.5150003E+00   1.4752600E-01   1.8329630E+10   4.1349584E+01   3.8700000E+03
   1.6036501E+01   1.7165100E-01   1.7412102E+10   4.1028751E+01   3.8720000E+03
   1.7084000E+01   1.8854700E-01   1.6208381E+10   3.8656667E+01   3.8730000E+03
   2.0530001E+01   2.1064100E-01   1.4807913E+10   3.5202500E+01   3.8740000E+03
   1.5978500E+01   2.2821501E-01   1.4484727E+10   3.1115417E+01   3.8750000E+03
   1.2548500E+01   2.3889200E-01   1.4633984E+10   2.6617917E+01   3.8760000E+03
   3.1552500E+01   2.6091801E-01   1.1974118E+10   1.5397083E+01   3.8800000E+03
   2.2062000E+01   2.7138300E-01   1.2601731E+10   1.4263333E+01   3.8820000E+03
   2.3097000E+01   2.7586100E-01   1.3420558E+10   1.3843333E+01   3.8830000E+03
   3.1915001E+01   2.8070400E-01   1.2096708E+10   1.2344167E+01   3.8870000E+03
   3.1961000E+01   2.6566200E-01   1.1927106E+10   1.4381667E+01   3.8880000E+03
   2.9674000E+01   2.5872000E-01   1.2158360E+10   1.5940833E+01   3.8890000E+03
   2.0145500E+01   2.6134701E-01   1.3313331E+10   1.3738750E+01   3.8920000E+03
   2.3347000E+01   2.6521400E-01   1.4123318E+10   1.3171250E+01   3.8930000E+03
   3.2197498E+01   2.7316000E-01   1.3504394E+10   1.1968333E+01   3.8940000E+03
   2.8007500E+01   2.8454300E-01   1.2506946E+10   8.3220833E+00   3.8970000E+03
   3.0966000E+01   2.8638100E-01   1.2505916E+10   8.2820835E+00   3.9000000E+03
   2.8537500E+01   2.9547001E-01   1.3069503E+10   1.0625000E+01   3.9030000E+03
   3.0641001E+01   2.9689400E-01   1.3078819E+10   1.1038750E+01   3.9040000E+03
   3.1214500E+01   2.9337700E-01   1.2621285E+10   9.3137505E+00   3.9050000E+03
   3.1191000E+01   3.0081200E-01   1.2346941E+10   1.1661250E+01   3.9070000E+03
   3.0826000E+01   2.9804800E-01   1.3467475E+10   1.1643750E+01   3.9110000E+03
   3.0931000E+01   2.8405600E-01   1.2584350E+10   8.8329168E+00   3.9130000E+03
   3.1638000E+01   2.8944700E-01   1.2032479E+10   1.0811250E+01   3.9140000E+03
   3.0739000E+01   2.7378300E-01   1.1770502E+10   1.5164167E+01   3.9160000E+03
   3.0760000E+01   2.4834900E-01   1.2140296E+10   1.9366667E+01   3.9170000E+03
   1.5702500E+01   1.4730800E-01   1.2687023E+10   4.6390834E+01   3.9210000E+03
   1.2071000E+01   1.4852900E-01   1.3502544E+10   6.1887501E+01   3.9250000E+03
   1.5173000E+01   1.5973200E-01   1.0541979E+10   6.6554584E+01   3.9260000E+03
   1.2032000E+01   1.6471600E-01   1.0932298E+10   6.8631667E+01   3.9270000E+03
   1.0539000E+01   1.5535900E-01   1.9814547E+10   6.4483752E+01   3.9300000E+03
   1.0432500E+01   1.6021700E-01   1.7547920E+10   6.4578333E+01   3.9310000E+03
   1.2611500E+01   1.7321100E-01   1.4583048E+10   6.6234582E+01   3.9320000E+03
   1.0064000E+01   1.5056700E-01   1.4853941E+10   6.1383751E+01   3.9340000E+03
   1.0839000E+01   1.4313200E-01   1.7012707E+10   5.9638333E+01   3.9350000E+03
   1.0909500E+01   1.4486900E-01   1.8245567E+10   6.0318334E+01   3.9360000E+03
   1.0839000E+01   1.5624000E-01   1.6380562E+10   6.3392501E+01   3.9370000E+03
   1.0178500E+01   1.6228800E-01   1.5938321E+10   6.4082918E+01   3.9380000E+03
   6.3045001E+00   1.5164400E-01   1.8681154E+10   6.3185000E+01   3.9410000E+03
   1.0388500E+01   1.6528200E-01   1.6534050E+10   6.6674582E+01   3.9430000E+03
   1.1026000E+01   1.6474001E-01   1.2821551E+10   6.1147916E+01   3.9450000E+03
   1.0918500E+01   1.4621700E-01   1.5886332E+10   5.6802502E+01   3.9460000E+03
   1.0915500E+01   1.4330900E-01   1.6085255E+10   5.5452500E+01   3.9480000E+03
   4.4035001E+00   1.3386100E-01   2.6491037E+10   5.1044585E+01   3.9490000E+03
   4.2100000E-01   1.1526600E-01   3.8326626E+10   4.4556251E+01   3.9500000E+03
   4.7560000E+00   1.0255800E-01   3.3635659E+10   4.0767917E+01   3.9510000E+03
   1.0665000E+01   9.1800003E-02   2.3115680E+10   3.8250416E+01   3.9530000E+03
  -1.7700000E-01   9.7965002E-02   5.2452190E+10   4.0402082E+01   3.9570000E+03
   2.1050000E-01   1.0474700E-01   5.4562974E+10   4.3543333E+01   3.9580000E+03
   3.0755000E+00   1.1084700E-01   5.0519640E+10   4.4727918E+01   3.9590000E+03
   7.8940001E+00   1.0873600E-01   2.6534825E+10   4.0957082E+01   3.9610000E+03
   1.2464500E+01   1.0954300E-01   2.0712295E+10   3.6707083E+01   3.9620000E+03
   1.0026000E+01   1.1373700E-01   1.9873070E+10   3.0459584E+01   3.9630000E+03
   4.2135000E+00   1.1254900E-01   2.5214188E+10   2.5675000E+01   3.9640000E+03
   1.7530000E+00   1.1588000E-01   3.4629576E+10   2.4687083E+01   3.9650000E+03
   1.6885000E+00   1.2175800E-01   4.3923980E+10   2.6280000E+01   3.9660000E+03
   1.2257500E+01   1.3492800E-01   3.6646213E+10   3.8459583E+01   3.9680000E+03
   1.2907000E+01   1.4286600E-01   3.2224706E+10   4.6177081E+01   3.9690000E+03
   1.3296500E+01   1.8334400E-01   1.2296558E+10   6.4412498E+01   3.9740000E+03
   6.4780002E+00   1.7411600E-01   1.6480951E+10   5.8627082E+01   3.9760000E+03
   1.5904500E+01   1.8371300E-01   1.1450113E+10   6.3197083E+01   3.9780000E+03
   1.2364000E+01   1.8372900E-01   8.1484922E+09   6.7011249E+01   3.9810000E+03
