   1.8725778E+00   5.8463995E+06   1.3490833E+01   3.3319099E-01   2.1169500E-01   2.0813101E+01   2.8104988E+03   1.5008716E+03   4.6858906E+09   3.1221130E+06   3.2750000E+03
   1.8685844E+00   5.8908131E+06   7.3095833E+00   3.2155998E-01   2.0807100E-01   2.3479000E+01   2.7921191E+03   1.4942429E+03   4.7106814E+09   3.1525539E+06   3.2760000E+03
   1.8465803E+00   6.0819817E+06   2.6825001E+00   2.5004400E-01   1.8877899E-01   2.3426100E+01   2.7146855E+03   1.4701151E+03   4.8420387E+09   3.2936460E+06   3.2770000E+03
   1.8287771E+00   6.0486452E+06   3.6666666E+00   1.9930599E-01   1.8301399E-01   1.8077900E+01   2.5967653E+03   1.4199463E+03   4.6964451E+09   3.3074808E+06   3.2780000E+03
   1.8333918E+00   5.8822527E+06   6.3212499E+00   2.0931200E-01   2.0065300E-01   1.9060499E+01   2.5452177E+03   1.3882563E+03   4.4540803E+09   3.2083991E+06   3.2790000E+03
   1.8590537E+00   5.5753428E+06   5.6545834E+00   2.7193501E-01   2.2767700E-01   2.5737600E+01   2.5320599E+03   1.3620155E+03   4.0847145E+09   2.9990220E+06   3.2800000E+03
   1.8975391E+00   5.3422661E+06   2.4508332E+00   3.2645302E-01   2.4931400E-01   2.5459801E+01   2.5464828E+03   1.3419923E+03   3.7781988E+09   2.8153655E+06   3.2810000E+03
   1.8977420E+00   5.4756404E+06   2.4841666E+00   3.1409700E-01   2.6676701E-01   2.1465000E+01   2.5554863E+03   1.3465931E+03   3.8853856E+09   2.8853450E+06   3.2820000E+03
   1.8863844E+00   5.3613332E+06   4.7062501E+00   3.4100101E-01   2.7818001E-01   2.2952999E+01   2.5785558E+03   1.3669302E+03   3.8849812E+09   2.8421212E+06   3.2830000E+03
   1.8796825E+00   5.4924556E+06   3.2870834E+00   3.3585800E-01   2.8285900E-01   2.6019300E+01   2.6198215E+03   1.3937575E+03   4.0725768E+09   2.9220125E+06   3.2840000E+03
   1.8951366E+00   5.5784934E+06   6.4958334E-01   3.2797501E-01   2.8815800E-01   2.7205900E+01   2.6388331E+03   1.3924237E+03   4.0987156E+09   2.9435837E+06   3.2850000E+03
   1.9002166E+00   5.4016081E+06   9.5083335E-01   3.4961201E-01   2.9127001E-01   3.0502899E+01   2.6101030E+03   1.3735818E+03   3.9045815E+09   2.8426276E+06   3.2860000E+03
   1.8762032E+00   5.2903180E+06   2.1225000E+00   3.5455502E-01   2.8805300E-01   2.9224100E+01   2.5631387E+03   1.3661307E+03   3.8520699E+09   2.8196936E+06   3.2870000E+03
   1.8748210E+00   5.2696956E+06   1.7291666E+00   3.4589001E-01   2.8429199E-01   2.6449200E+01   2.5364342E+03   1.3528941E+03   3.8026778E+09   2.8107727E+06   3.2880000E+03
   1.8855193E+00   5.3328089E+06   1.7820834E+00   3.3316002E-01   2.8717100E-01   2.9251400E+01   2.5324386E+03   1.3430987E+03   3.7986823E+09   2.8282972E+06   3.2890000E+03
   1.8802476E+00   5.2233195E+06   2.7537500E+00   3.4769901E-01   2.9231600E-01   3.3780201E+01   2.5187189E+03   1.3395676E+03   3.7213129E+09   2.7779955E+06   3.2900000E+03
