   2.3518999E+01   2.3430000E+01   1.0396674E+10   9.5982083E+01   1.8739213E+09   3.1880000E+03
   2.4068501E+01   2.3643200E+01   1.0515335E+10   9.6799167E+01   1.8739213E+09   3.1890000E+03
   2.2808001E+01   2.3599001E+01   1.0703535E+10   9.6494166E+01   1.8739213E+09   3.1900000E+03
   2.1562500E+01   2.3223400E+01   1.0931676E+10   9.4900831E+01   1.8777808E+09   3.1910000E+03
   2.1070999E+01   2.3349600E+01   1.0976678E+10   9.5749998E+01   1.8854997E+09   3.1920000E+03
   2.1768499E+01   2.4102301E+01   1.0822427E+10   9.9362501E+01   1.8854997E+09   3.1930000E+03
   2.1213499E+01   2.3909100E+01   1.0548745E+10   9.8298748E+01   1.8854997E+09   3.1940000E+03
   2.1573999E+01   2.3460699E+01   1.0410825E+10   9.5928335E+01   1.8854997E+09   3.1950000E+03
   2.2179501E+01   2.3221600E+01   1.0435483E+10   9.4985835E+01   1.8834470E+09   3.1960000E+03
   2.2096001E+01   2.3678600E+01   1.0611463E+10   9.7183752E+01   1.8858283E+09   3.1970000E+03
   2.2240000E+01   2.4157900E+01   1.0595253E+10   9.9422916E+01   1.8858283E+09   3.1980000E+03
   2.1285000E+01   2.3994699E+01   1.0289418E+10   9.8767082E+01   1.8858283E+09   3.1990000E+03
   2.0556499E+01   2.3670000E+01   1.0138822E+10   9.7642914E+01   1.8858283E+09   3.2000000E+03
   1.9877501E+01   2.3763800E+01   1.0120677E+10   9.8291246E+01   1.8924798E+09   3.2010000E+03
   1.9304001E+01   2.4139400E+01   1.0179374E+10   1.0042792E+02   1.9058649E+09   3.2020000E+03
   1.8712000E+01   2.4620800E+01   1.0021136E+10   1.0258625E+02   1.9058649E+09   3.2030000E+03
   2.1632000E+01   2.4647100E+01   1.0016403E+10   1.0264042E+02   1.9058649E+09   3.2040000E+03
   2.0392000E+01   2.4581699E+01   1.0251607E+10   1.0218250E+02   1.8852534E+09   3.2050000E+03
   2.2489500E+01   2.4747299E+01   9.4638824E+09   1.0277542E+02   2.6255512E+09   3.2060000E+03
   2.6127501E+01   2.4559700E+01   9.4130165E+09   1.0159708E+02   2.8314333E+09   3.2070000E+03
   2.5957001E+01   2.3761000E+01   9.4297279E+09   9.7824583E+01   2.7899446E+09   3.2080000E+03
   2.5427000E+01   2.2256500E+01   9.8863554E+09   9.1584585E+01   2.5680375E+09   3.2090000E+03
   1.8096500E+01   2.1280100E+01   9.9189164E+09   8.6913750E+01   2.6673573E+09   3.2100000E+03
   1.3530000E+01   2.0419701E+01   1.3333674E+10   8.2367080E+01   4.7342395E+09   3.2110000E+03
   9.3389997E+00   1.9355000E+01   1.9500605E+10   7.7925835E+01   6.5713340E+09   3.2120000E+03
   8.8214998E+00   1.8222000E+01   2.5217859E+10   7.3778750E+01   7.4000542E+09   3.2130000E+03
   8.7209997E+00   1.7221500E+01   2.7264247E+10   7.0103749E+01   6.7498161E+09   3.2140000E+03
   1.0179000E+01   1.6565300E+01   2.5999545E+10   6.7643748E+01   6.6531611E+09   3.2150000E+03
   1.0138500E+01   1.5763300E+01   2.4705255E+10   6.5205419E+01   5.8999249E+09   3.2160000E+03
   9.4230003E+00   1.5172900E+01   2.2635297E+10   6.3188752E+01   5.7504765E+09   3.2170000E+03
   8.2945004E+00   1.4787600E+01   2.1434361E+10   6.1614585E+01   5.7504765E+09   3.2180000E+03
   6.9510002E+00   1.4706200E+01   2.1360488E+10   6.1241665E+01   5.7141000E+09   3.2190000E+03
   9.3175001E+00   1.5038000E+01   2.0844517E+10   6.2625002E+01   5.4983862E+09   3.2200000E+03
   1.1464000E+01   1.5132000E+01   1.7820386E+10   6.3050416E+01   5.4423324E+09   3.2210000E+03
   1.0572500E+01   1.4910700E+01   1.5366533E+10   6.2127915E+01   5.4581544E+09   3.2220000E+03
   1.0931500E+01   1.5246700E+01   1.5606108E+10   6.3528334E+01   5.4251890E+09   3.2230000E+03
   9.8839998E+00   1.5468300E+01   1.7419459E+10   6.4450417E+01   5.7516345E+09   3.2240000E+03
   7.0075002E+00   1.5321400E+01   1.9932030E+10   6.3792501E+01   7.3047769E+09   3.2250000E+03
   4.4204998E+00   1.4978900E+01   2.5776433E+10   6.2214166E+01   9.9988841E+09   3.2260000E+03
   6.6754999E+00   1.5059800E+01   3.3224717E+10   6.1837081E+01   1.0555000E+10   3.2270000E+03
   6.4670000E+00   1.5669300E+01   3.0327579E+10   6.3061249E+01   1.4067779E+10   3.2280000E+03
   1.1525500E+01   1.6696100E+01   2.6325988E+10   6.6265001E+01   1.4067779E+10   3.2290000E+03
   1.6622999E+01   1.8674500E+01   1.5801815E+10   7.3369582E+01   8.9159377E+09   3.2300000E+03
   1.9444000E+01   2.0403999E+01   8.6856831E+09   7.7915834E+01   6.8803486E+09   3.2310000E+03
   1.5553000E+01   2.1801201E+01   7.2296978E+09   8.1460002E+01   5.9511972E+09   3.2320000E+03
   2.1089001E+01   2.3187901E+01   7.1865111E+09   8.5627915E+01   5.1467870E+09   3.2330000E+03
   2.3469999E+01   2.4548901E+01   6.8325335E+09   8.9759585E+01   4.6620994E+09   3.2340000E+03
   2.1610001E+01   2.5423500E+01   6.2792965E+09   9.1568750E+01   4.5252158E+09   3.2350000E+03
   2.0615499E+01   2.5446400E+01   6.6071665E+09   8.9623333E+01   4.5355583E+09   3.2360000E+03
   2.3770500E+01   2.5200899E+01   7.5813064E+09   8.5389999E+01   4.6820848E+09   3.2370000E+03
   2.5652000E+01   2.5190300E+01   7.4779602E+09   8.3375418E+01   4.7094537E+09   3.2380000E+03
   2.5639500E+01   2.4291300E+01   6.5876478E+09   8.1378753E+01   4.5509334E+09   3.2390000E+03
   2.3850000E+01   2.2995501E+01   5.7050682E+09   7.8215001E+01   4.4751736E+09   3.2400000E+03
   1.5097500E+01   2.2165600E+01   5.7591917E+09   7.5899581E+01   4.5808882E+09   3.2410000E+03
   1.6990999E+01   2.1093901E+01   7.0937141E+09   7.2784166E+01   4.3601717E+09   3.2420000E+03
   1.9969500E+01   1.9289600E+01   9.6365237E+09   6.8859166E+01   4.1271073E+09   3.2430000E+03
   1.4491500E+01   1.7924200E+01   1.0749709E+10   6.6796251E+01   4.3954796E+09   3.2440000E+03
   1.3292000E+01   1.6356899E+01   2.0191213E+10   6.3508749E+01   5.1407192E+09   3.2450000E+03
   1.3227500E+01   1.5611900E+01   2.0139437E+10   6.0820834E+01   5.9524011E+09   3.2460000E+03
   1.0498500E+01   1.5258000E+01   1.8045138E+10   6.0238332E+01   6.2453551E+09   3.2470000E+03
   1.1252000E+01   1.4754900E+01   1.6195656E+10   5.8732917E+01   6.2001027E+09   3.2480000E+03
   7.6840000E+00   1.4271900E+01   1.4936036E+10   5.6340834E+01   5.9641206E+09   3.2490000E+03
   5.7104998E+00   1.4062900E+01   1.4168848E+10   5.5807916E+01   5.6910945E+09   3.2500000E+03
   1.1505500E+01   1.3879400E+01   1.3907818E+10   5.6356664E+01   5.2842339E+09   3.2510000E+03
   1.3988000E+01   1.3589000E+01   1.3903464E+10   5.5788751E+01   4.6200249E+09   3.2520000E+03
   1.5433500E+01   1.3536100E+01   1.3596009E+10   5.5556250E+01   4.1568392E+09   3.2530000E+03
   1.2430000E+01   1.3842700E+01   1.3578257E+10   5.5930001E+01   4.2735539E+09   3.2540000E+03
   1.1201500E+01   1.4196800E+01   1.4850438E+10   5.6404167E+01   4.7432397E+09   3.2550000E+03
   1.4012500E+01   1.4598400E+01   1.6752248E+10   5.6083751E+01   4.7332645E+09   3.2560000E+03
   2.3452499E+01   1.4863500E+01   1.4617899E+10   5.2438335E+01   4.1896825E+09   3.2570000E+03
   2.3636999E+01   1.5840300E+01   1.3302711E+10   4.8712500E+01   4.2224433E+09   3.2580000E+03
   2.1048000E+01   1.6385099E+01   1.5657966E+10   4.5779168E+01   4.8667573E+09   3.2590000E+03
   1.5696000E+01   1.6520500E+01   1.8994365E+10   4.3405417E+01   5.5726985E+09   3.2600000E+03
   2.0274000E+01   1.6342899E+01   1.7586047E+10   4.2054584E+01   6.0297621E+09   3.2610000E+03
   1.6567499E+01   1.5924400E+01   1.4075390E+10   4.2442499E+01   6.4984673E+09   3.2620000E+03
   1.1803000E+01   1.5636200E+01   1.2161085E+10   4.3733751E+01   6.7752361E+09   3.2630000E+03
   1.4533500E+01   1.5357600E+01   1.1484047E+10   4.6357500E+01   5.9779987E+09   3.2640000E+03
   1.5376500E+01   1.5111200E+01   1.1169984E+10   5.1059167E+01   4.9902432E+09   3.2650000E+03
   1.3839500E+01   1.4361000E+01   1.0462707E+10   5.4368333E+01   4.9493266E+09   3.2660000E+03
   1.3084000E+01   1.4708700E+01   1.1881016E+10   5.8465415E+01   5.2855433E+09   3.2670000E+03
   1.6125500E+01   1.5247500E+01   1.2789603E+10   6.1375833E+01   5.0455625E+09   3.2680000E+03
   2.5261999E+01   1.4833500E+01   1.2300912E+10   5.9993335E+01   4.3447564E+09   3.2690000E+03
   2.6154499E+01   1.4298700E+01   8.4582174E+09   5.7850417E+01   4.6906397E+09   3.2700000E+03
   1.9703501E+01   1.4539400E+01   9.9475358E+09   5.8511668E+01   2.8028859E+09   3.2710000E+03
   1.1919000E+01   1.4458300E+01   7.9069638E+09   5.7989583E+01   2.8228854E+09   3.2720000E+03
   1.1334000E+01   1.3620200E+01   1.8083740E+10   5.4868750E+01   3.2991010E+09   3.2730000E+03
   9.7170000E+00   1.3181500E+01   2.0993954E+10   5.4265416E+01   3.7770712E+09   3.2740000E+03
   8.1929998E+00   1.2872700E+01   2.0963368E+10   5.3592918E+01   5.0106474E+09   3.2750000E+03
   6.2280002E+00   1.2704300E+01   1.8922218E+10   5.2875415E+01   5.9466041E+09   3.2760000E+03
   8.1219997E+00   1.2802700E+01   1.8278427E+10   5.2854999E+01   5.9630982E+09   3.2770000E+03
   9.8909998E+00   1.2778900E+01   1.6955666E+10   5.2689167E+01   6.6617163E+09   3.2780000E+03
   8.6990004E+00   1.2995200E+01   1.6603175E+10   5.3383750E+01   7.1845089E+09   3.2790000E+03
   9.2440004E+00   1.3321500E+01   1.6109001E+10   5.3703332E+01   8.0220485E+09   3.2800000E+03
   7.7690001E+00   1.3334400E+01   1.5170528E+10   5.2036667E+01   8.8958507E+09   3.2810000E+03
   9.3579998E+00   1.3357900E+01   1.3982495E+10   5.0363333E+01   9.6105029E+09   3.2820000E+03
   1.0172500E+01   1.3607900E+01   1.3803366E+10   4.8242501E+01   9.9887918E+09   3.2830000E+03
   1.0694500E+01   1.4851700E+01   1.4419622E+10   4.7402083E+01   9.9179274E+09   3.2840000E+03
   1.0180500E+01   1.6194700E+01   1.4444515E+10   4.6372500E+01   9.5463885E+09   3.2850000E+03
   9.7119999E+00   1.7279499E+01   1.4846669E+10   4.3247916E+01   9.5135241E+09   3.2860000E+03
   1.2460000E+01   1.8079599E+01   1.4693752E+10   3.7347500E+01   9.0069581E+09   3.2870000E+03
   1.8191000E+01   1.9695801E+01   1.3400314E+10   3.2756251E+01   7.9397243E+09   3.2880000E+03
   2.2727501E+01   2.1454800E+01   1.0396164E+10   3.2312917E+01   7.0032786E+09   3.2890000E+03
   2.3075500E+01   2.2658800E+01   8.2720521E+09   3.1112499E+01   5.9883123E+09   3.2900000E+03
   2.2809500E+01   2.2737200E+01   7.0264938E+09   2.5805416E+01   4.7869739E+09   3.2910000E+03
   2.5545500E+01   2.3239799E+01   6.2858178E+09   2.4065833E+01   4.2874288E+09   3.2920000E+03
   2.4672501E+01   2.3700500E+01   7.4113399E+09   2.6074584E+01   4.2608817E+09   3.2930000E+03
   2.4453501E+01   2.3521200E+01   8.7139278E+09   2.6693751E+01   4.5213576E+09   3.2940000E+03
   2.3900499E+01   2.3034401E+01   1.0209736E+10   2.5707084E+01   4.7524552E+09   3.2950000E+03
   2.2926001E+01   2.2726000E+01   1.0397349E+10   2.5868751E+01   4.9560187E+09   3.2960000E+03
   2.3104000E+01   2.2663601E+01   1.0132234E+10   2.6338334E+01   5.3035967E+09   3.2970000E+03
   2.1627001E+01   2.2670300E+01   1.0324399E+10   2.5662500E+01   5.4715356E+09   3.2980000E+03
   2.1190001E+01   2.2731300E+01   1.0788411E+10   2.4969168E+01   5.5113126E+09   3.2990000E+03
   2.2566000E+01   2.2738899E+01   1.1388600E+10   2.4816667E+01   5.5286534E+09   3.3000000E+03
   2.2891500E+01   2.2761801E+01   1.1873313E+10   2.4364584E+01   5.4414950E+09   3.3010000E+03
   2.2386000E+01   2.3098900E+01   1.1331171E+10   2.4583749E+01   5.3957768E+09   3.3020000E+03
   2.3042999E+01   2.3663300E+01   1.1117780E+10   2.5977499E+01   5.5228764E+09   3.3030000E+03
   2.4036501E+01   2.3993700E+01   1.1077106E+10   2.7003334E+01   5.6005074E+09   3.3040000E+03
   2.4984501E+01   2.4239000E+01   1.1090461E+10   2.7480000E+01   5.4633156E+09   3.3050000E+03
   2.5933500E+01   2.4831699E+01   1.1060904E+10   2.8242500E+01   5.4015150E+09   3.3060000E+03
   2.3839500E+01   2.6249399E+01   1.1041533E+10   3.1777916E+01   5.5543772E+09   3.3070000E+03
   2.3299999E+01   2.6835699E+01   1.1378605E+10   3.1668750E+01   5.9855121E+09   3.3080000E+03
   2.8379000E+01   2.6756599E+01   1.2259464E+10   2.8137499E+01   6.3594993E+09   3.3090000E+03
   3.0184500E+01   2.7029400E+01   1.2692746E+10   2.4409583E+01   6.5227523E+09   3.3100000E+03
   2.8608500E+01   2.7873699E+01   1.2682541E+10   2.3259167E+01   6.5656518E+09   3.3110000E+03
   2.8443501E+01   2.8498899E+01   1.2832484E+10   2.3205834E+01   6.5221654E+09   3.3120000E+03
   3.0294001E+01   2.8969101E+01   1.2711868E+10   2.2802083E+01   6.4898408E+09   3.3130000E+03
   2.9025499E+01   2.9427200E+01   1.2026005E+10   2.4208333E+01   6.4579492E+09   3.3140000E+03
   3.0352501E+01   2.9398899E+01   1.1918964E+10   2.6324999E+01   6.4250498E+09   3.3150000E+03
   3.0982000E+01   2.9508301E+01   1.1716474E+10   2.8921249E+01   6.3040528E+09   3.3160000E+03
   3.1462999E+01   2.9896099E+01   1.1252253E+10   3.4990833E+01   6.1204959E+09   3.3170000E+03
   3.0681000E+01   2.9142799E+01   1.1692669E+10   3.7113750E+01   5.7800244E+09   3.3180000E+03
   3.0407000E+01   2.8567900E+01   1.2428441E+10   3.8365833E+01   5.6314201E+09   3.3190000E+03
   2.9883499E+01   2.8126699E+01   1.3066579E+10   3.7665002E+01   5.6602532E+09   3.3200000E+03
   2.9206499E+01   2.7293400E+01   1.3017576E+10   3.5241668E+01   5.7040822E+09   3.3210000E+03
   2.9211000E+01   2.6481701E+01   1.2424265E+10   3.2222082E+01   5.8092893E+09   3.3220000E+03
   2.9038500E+01   2.6179300E+01   1.1979870E+10   2.8102916E+01   5.9670644E+09   3.3230000E+03
   2.8518999E+01   2.6263800E+01   1.2144305E+10   2.1220416E+01   6.3254327E+09   3.3240000E+03
   2.4617001E+01   2.7277300E+01   1.2833815E+10   1.9403751E+01   6.7660780E+09   3.3250000E+03
   2.3903000E+01   2.7924801E+01   1.3695912E+10   1.8181250E+01   6.9977622E+09   3.3260000E+03
   3.1173500E+01   2.9046400E+01   1.2917553E+10   2.1481666E+01   6.3224610E+09   3.3280000E+03
   3.2678501E+01   2.9256500E+01   1.1470405E+10   2.7481251E+01   5.7635538E+09   3.3290000E+03
   3.2217999E+01   2.8676800E+01   1.0606182E+10   3.5004167E+01   5.5861459E+09   3.3300000E+03
   3.0893000E+01   2.7121300E+01   1.0196990E+10   4.1280833E+01   5.5886072E+09   3.3310000E+03
   3.0327499E+01   2.4143801E+01   1.0680882E+10   4.7827082E+01   5.6088755E+09   3.3320000E+03
   2.9680500E+01   2.1586100E+01   1.1629421E+10   5.2438749E+01   5.7772399E+09   3.3330000E+03
   2.3662500E+01   1.9951900E+01   1.1809321E+10   5.4402085E+01   5.9782535E+09   3.3340000E+03
   1.8513500E+01   1.8229500E+01   1.1413482E+10   5.0011667E+01   5.8061018E+09   3.3350000E+03
   1.1808000E+01   1.7465799E+01   1.2543778E+10   4.2560416E+01   5.7015219E+09   3.3360000E+03
   1.5276000E+01   1.7848200E+01   1.4682661E+10   3.6337084E+01   5.6470770E+09   3.3370000E+03
   1.1037500E+01   1.8281099E+01   1.7388657E+10   2.9973334E+01   5.6930631E+09   3.3380000E+03
   2.0541000E+01   1.9012501E+01   1.8399457E+10   2.4618751E+01   5.7552308E+09   3.3390000E+03
   2.9677999E+01   2.0021000E+01   1.6431366E+10   2.2858334E+01   6.1402658E+09   3.3400000E+03
   2.5568501E+01   2.1976601E+01   1.3261775E+10   1.9877917E+01   6.3987811E+09   3.3410000E+03
   2.2723499E+01   2.2073200E+01   1.2353795E+10   1.7642500E+01   6.4540878E+09   3.3420000E+03
   2.8436001E+01   2.1966400E+01   1.2646320E+10   1.8180834E+01   6.4839127E+09   3.3430000E+03
   2.1943001E+01   2.2670799E+01   1.2000145E+10   1.8932917E+01   6.7016466E+09   3.3440000E+03
   1.6598499E+01   2.3523800E+01   1.1895281E+10   1.7176666E+01   7.1187284E+09   3.3450000E+03
   1.8070000E+01   2.4075399E+01   1.4141265E+10   1.5745833E+01   7.0743952E+09   3.3460000E+03
   2.8567499E+01   2.4725300E+01   1.4102917E+10   1.4550416E+01   6.7983877E+09   3.3470000E+03
   2.9108500E+01   2.7005100E+01   1.1176482E+10   1.3527500E+01   6.1381875E+09   3.3480000E+03
   3.2323002E+01   2.8367701E+01   9.9155255E+09   1.3276667E+01   5.4733704E+09   3.3490000E+03
   3.3952499E+01   3.0163500E+01   9.6778033E+09   1.2655000E+01   5.1834450E+09   3.3500000E+03
   3.3304501E+01   3.0980101E+01   9.3322257E+09   1.1099167E+01   4.9808894E+09   3.3510000E+03
   3.3301498E+01   3.1480400E+01   8.8393444E+09   9.8954171E+00   4.8643231E+09   3.3520000E+03
   3.4375500E+01   3.2002998E+01   8.9678904E+09   9.4895830E+00   4.7240880E+09   3.3530000E+03
   3.3884499E+01   3.1993200E+01   9.0501067E+09   9.1687500E+00   4.5333154E+09   3.3540000E+03
   3.4251499E+01   3.1719900E+01   8.9068346E+09   8.4558338E+00   4.5451023E+09   3.3550000E+03
   3.4283501E+01   3.1830200E+01   8.6037594E+09   8.3183333E+00   4.7039693E+09   3.3560000E+03
   3.4431000E+01   3.2181900E+01   8.5188942E+09   8.7816666E+00   4.8661142E+09   3.3570000E+03
   3.4037998E+01   3.2334000E+01   8.8518010E+09   9.1120829E+00   4.9062545E+09   3.3580000E+03
   3.4795502E+01   3.2485901E+01   9.0077007E+09   9.8291665E+00   4.7602723E+09   3.3590000E+03
   3.4811001E+01   3.2512600E+01   8.8438742E+09   1.0435416E+01   4.6304032E+09   3.3600000E+03
   3.4471001E+01   3.2066700E+01   8.5513628E+09   1.0740416E+01   4.5990937E+09   3.3610000E+03
   3.4129002E+01   3.0728600E+01   8.4661306E+09   1.1820417E+01   4.5881608E+09   3.3620000E+03
   3.3367001E+01   2.8492300E+01   8.6489732E+09   1.5329584E+01   4.6716568E+09   3.3630000E+03
   2.8937000E+01   2.4719801E+01   8.9465024E+09   2.1282917E+01   5.0841801E+09   3.3640000E+03
   2.4179501E+01   2.1820400E+01   8.9582910E+09   2.6112500E+01   4.7720624E+09   3.3650000E+03
   1.9790501E+01   1.9468399E+01   1.0158711E+10   3.0371667E+01   4.1603734E+09   3.3660000E+03
   1.8329500E+01   1.8323099E+01   1.1800052E+10   4.2790000E+01   3.8911724E+09   3.3670000E+03
   1.7345501E+01   1.5809900E+01   1.3914753E+10   5.3785833E+01   4.1344509E+09   3.3680000E+03
   1.6667500E+01   1.4791900E+01   1.4534760E+10   5.9422501E+01   4.0972825E+09   3.3690000E+03
   1.5085000E+01   1.4951700E+01   1.4344605E+10   6.2234584E+01   4.1011022E+09   3.3700000E+03
   1.7395000E+01   1.4829900E+01   1.4627185E+10   6.1791251E+01   4.3033618E+09   3.3710000E+03
   1.3035000E+01   1.4012900E+01   1.5447539E+10   5.8387500E+01   4.7992290E+09   3.3720000E+03
   1.1435000E+01   1.3205700E+01   1.6157014E+10   5.5023750E+01   5.0986583E+09   3.3730000E+03
   1.2267500E+01   1.2877100E+01   1.6343412E+10   5.3654583E+01   5.2603778E+09   3.3740000E+03
   1.2933000E+01   1.2687800E+01   1.5609229E+10   5.2865834E+01   5.1625642E+09   3.3750000E+03
   1.3563000E+01   1.2440600E+01   1.5159711E+10   5.1835833E+01   5.0219783E+09   3.3760000E+03
   1.4732500E+01   1.2197300E+01   1.5103585E+10   5.0822083E+01   4.9493684E+09   3.3770000E+03
   1.4585000E+01   1.2289100E+01   1.5276666E+10   5.1204582E+01   5.0861282E+09   3.3780000E+03
   1.3844000E+01   1.2754300E+01   1.5601959E+10   5.3142501E+01   5.4007733E+09   3.3790000E+03
   1.1946000E+01   1.2965400E+01   1.6491238E+10   5.3987500E+01   5.9919779E+09   3.3800000E+03
   7.8509998E+00   1.2706500E+01   1.7919672E+10   5.2610833E+01   6.9854769E+09   3.3810000E+03
   7.5605001E+00   1.2433200E+01   1.9927113E+10   5.0972500E+01   8.3848201E+09   3.3820000E+03
   7.5475001E+00   1.2621200E+01   1.9029543E+10   5.1701665E+01   8.8126859E+09   3.3830000E+03
   7.6065001E+00   1.3028200E+01   1.6249201E+10   5.3508334E+01   8.8378206E+09   3.3840000E+03
   7.8315001E+00   1.3330900E+01   1.4835591E+10   5.4618334E+01   8.7283830E+09   3.3850000E+03
   1.0865500E+01   1.3494800E+01   1.5476816E+10   5.4359585E+01   8.7128834E+09   3.3860000E+03
   1.2945500E+01   1.3218100E+01   1.5856571E+10   5.0703750E+01   8.5884963E+09   3.3870000E+03
   1.3663000E+01   1.4052000E+01   1.5557944E+10   5.0935415E+01   8.2313916E+09   3.3880000E+03
   1.3663500E+01   1.5095700E+01   1.6918998E+10   5.2427500E+01   8.5672882E+09   3.3890000E+03
   1.3989000E+01   1.6084801E+01   1.7032290E+10   5.1154168E+01   8.9268545E+09   3.3900000E+03
   1.5275500E+01   1.7439600E+01   1.3516581E+10   4.7408333E+01   8.3023549E+09   3.3910000E+03
   2.1243000E+01   2.0309900E+01   1.2801596E+10   4.2037915E+01   7.2575056E+09   3.3920000E+03
   2.5904499E+01   2.2378599E+01   1.2254313E+10   3.6816250E+01   6.2005533E+09   3.3930000E+03
   2.7948999E+01   2.3797899E+01   1.2206608E+10   3.2251251E+01   6.0768720E+09   3.3940000E+03
   2.9579500E+01   2.5500999E+01   1.1006722E+10   3.0731250E+01   5.8336859E+09   3.3950000E+03
   2.8919500E+01   2.7309200E+01   1.0325609E+10   2.8292500E+01   5.7127883E+09   3.3960000E+03
   2.5961500E+01   2.8009399E+01   1.0465363E+10   2.4776251E+01   5.6516802E+09   3.3970000E+03
   2.7643999E+01   2.8262600E+01   1.0573793E+10   2.2766250E+01   5.6515787E+09   3.3980000E+03
   2.7326500E+01   2.8444401E+01   1.0847383E+10   2.2027917E+01   5.6363559E+09   3.3990000E+03
   2.7648001E+01   2.9015400E+01   1.0557287E+10   2.1862084E+01   5.6375269E+09   3.4000000E+03
   2.9742500E+01   2.9794399E+01   1.0335641E+10   2.2143333E+01   5.3527619E+09   3.4010000E+03
   3.1375000E+01   3.0085800E+01   1.0665536E+10   2.1550416E+01   4.9589168E+09   3.4020000E+03
   3.3828499E+01   2.9802601E+01   1.0440373E+10   1.9832499E+01   4.8352277E+09   3.4030000E+03
   2.9047001E+01   2.9917400E+01   1.0512154E+10   1.9408333E+01   4.9055232E+09   3.4040000E+03
   2.8306000E+01   3.0038300E+01   1.0847199E+10   1.8952501E+01   4.8846411E+09   3.4050000E+03
   2.7014999E+01   2.9904900E+01   1.1127103E+10   1.8897500E+01   4.9220869E+09   3.4060000E+03
   2.6456499E+01   2.9408400E+01   1.1154990E+10   1.9458751E+01   4.8247566E+09   3.4070000E+03
   2.9452000E+01   2.8682800E+01   1.1096230E+10   2.0257501E+01   4.7826490E+09   3.4080000E+03
   2.6988501E+01   2.8414400E+01   1.1090129E+10   2.1451666E+01   4.8813998E+09   3.4090000E+03
   2.7582001E+01   2.8288799E+01   1.1770322E+10   2.1828334E+01   4.9073294E+09   3.4100000E+03
   3.0108999E+01   2.7848000E+01   1.1983175E+10   2.1392918E+01   4.7804763E+09   3.4110000E+03
   2.7605499E+01   2.6670099E+01   1.2113465E+10   2.1828334E+01   4.9729020E+09   3.4120000E+03
   2.2046499E+01   2.5757299E+01   1.1878381E+10   2.3611668E+01   5.1673148E+09   3.4130000E+03
   1.6302500E+01   2.5363899E+01   1.2418871E+10   2.5240417E+01   5.4481206E+09   3.4140000E+03
   2.0302000E+01   2.5061800E+01   1.3402820E+10   2.5266251E+01   5.6098075E+09   3.4150000E+03
   2.2775999E+01   2.4679701E+01   1.3597530E+10   2.5377500E+01   5.5621784E+09   3.4160000E+03
   2.6077499E+01   2.4693600E+01   1.2806573E+10   2.5928332E+01   5.3608809E+09   3.4170000E+03
   2.7946501E+01   2.5366100E+01   1.1583562E+10   2.5011666E+01   4.8842972E+09   3.4180000E+03
   2.9639999E+01   2.7418100E+01   1.1082292E+10   2.4906666E+01   4.6762552E+09   3.4190000E+03
   3.0381500E+01   2.8741100E+01   1.0841879E+10   2.3805833E+01   4.6191183E+09   3.4200000E+03
   3.0101500E+01   2.9116199E+01   1.0880167E+10   2.1312084E+01   4.6107098E+09   3.4210000E+03
   2.7886000E+01   2.9277300E+01   1.0960487E+10   1.9823333E+01   4.6607921E+09   3.4220000E+03
   2.7079000E+01   2.9209200E+01   1.1564058E+10   1.8675418E+01   4.7446842E+09   3.4230000E+03
   3.0881001E+01   2.8880400E+01   1.1678310E+10   1.7736250E+01   4.7575944E+09   3.4240000E+03
   3.0434500E+01   2.8257200E+01   1.1282428E+10   1.7270417E+01   4.7897109E+09   3.4250000E+03
   2.4868500E+01   2.7403900E+01   1.1075760E+10   1.8316249E+01   4.8171749E+09   3.4260000E+03
   2.4430500E+01   2.6093100E+01   1.1292598E+10   1.8426666E+01   4.9170355E+09   3.4270000E+03
   2.2167999E+01   2.5349600E+01   1.1930425E+10   1.7803749E+01   5.3908173E+09   3.4280000E+03
   1.6892500E+01   2.5159201E+01   1.2637077E+10   1.8176250E+01   5.9159409E+09   3.4290000E+03
   2.4701500E+01   2.5151600E+01   1.3742678E+10   1.9375000E+01   6.2779140E+09   3.4300000E+03
   2.6693001E+01   2.5050501E+01   1.3642799E+10   1.9374166E+01   5.9814529E+09   3.4310000E+03
   3.0912001E+01   2.5130501E+01   1.0927022E+10   1.9125833E+01   4.9616888E+09   3.4320000E+03
   3.1049999E+01   2.5491600E+01   9.9664782E+09   2.0404583E+01   4.6841633E+09   3.4330000E+03
   2.8598000E+01   2.5892300E+01   9.7366081E+09   2.3342500E+01   4.6621962E+09   3.4340000E+03
   2.7839500E+01   2.5729601E+01   9.8082419E+09   2.4130833E+01   4.6620580E+09   3.4350000E+03
   2.5586500E+01   2.5523399E+01   1.0907317E+10   2.3702083E+01   4.5148332E+09   3.4360000E+03
   2.3896000E+01   2.5507000E+01   1.2789540E+10   2.4892501E+01   4.3332342E+09   3.4370000E+03
   2.7618500E+01   2.4422300E+01   1.3957298E+10   2.7547083E+01   4.3802001E+09   3.4380000E+03
   2.6595501E+01   2.3138300E+01   1.2505143E+10   3.1454583E+01   4.1679422E+09   3.4390000E+03
   2.2323999E+01   2.1882999E+01   1.0415116E+10   3.4458335E+01   3.7212515E+09   3.4400000E+03
   1.6841000E+01   2.0215500E+01   1.0891590E+10   3.5290416E+01   3.6319771E+09   3.4410000E+03
   1.0371000E+01   1.8119499E+01   1.3364139E+10   3.7158333E+01   4.4986258E+09   3.4420000E+03
   4.9184999E+00   1.6339899E+01   2.1085239E+10   4.1872500E+01   5.2971480E+09   3.4430000E+03
   5.4229999E+00   1.4329800E+01   2.5061510E+10   4.5314585E+01   6.4254229E+09   3.4440000E+03
   7.9140000E+00   1.2377300E+01   2.4908049E+10   4.7237499E+01   6.8262845E+09   3.4450000E+03
   1.4479500E+01   1.2328400E+01   2.0944000E+10   5.1120832E+01   6.1465952E+09   3.4460000E+03
   1.6572001E+01   1.3145300E+01   1.2297266E+10   5.4755418E+01   5.1097319E+09   3.4470000E+03
   1.7280001E+01   1.3631700E+01   1.1480791E+10   5.6166250E+01   4.2957751E+09   3.4480000E+03
   1.8816999E+01   1.3969600E+01   1.2951856E+10   5.6703333E+01   4.2074418E+09   3.4490000E+03
   1.5658000E+01   1.4416000E+01   1.4150569E+10   5.8635834E+01   4.1593756E+09   3.4500000E+03
   1.6441000E+01   1.4618700E+01   1.3549554E+10   6.0166667E+01   4.1627179E+09   3.4510000E+03
   1.7721500E+01   1.3897000E+01   1.3642571E+10   5.7853334E+01   4.3202808E+09   3.4520000E+03
   1.5041500E+01   1.3253800E+01   1.4174737E+10   5.5224167E+01   4.3920008E+09   3.4530000E+03
   1.4176500E+01   1.3214100E+01   1.4760071E+10   5.5059167E+01   4.3280700E+09   3.4540000E+03
   1.5342000E+01   1.3416500E+01   1.4249812E+10   5.5769585E+01   4.3240214E+09   3.4550000E+03
   1.3703000E+01   1.3211800E+01   1.4820125E+10   5.4392081E+01   4.5211750E+09   3.4560000E+03
   1.3649000E+01   1.2856300E+01   1.5505814E+10   5.2311250E+01   4.7065697E+09   3.4570000E+03
   1.7509001E+01   1.2591300E+01   1.5059551E+10   5.1279585E+01   4.6979272E+09   3.4580000E+03
   1.6470501E+01   1.2406700E+01   1.3985909E+10   5.0970834E+01   4.5798520E+09   3.4590000E+03
   1.3837500E+01   1.2031600E+01   1.3346468E+10   4.9467083E+01   4.6533211E+09   3.4600000E+03
   8.5454998E+00   1.1667600E+01   1.5219975E+10   4.7915835E+01   4.9931445E+09   3.4610000E+03
   5.7179999E+00   1.1308400E+01   2.0076669E+10   4.6792500E+01   5.8925472E+09   3.4620000E+03
   6.0475001E+00   1.0798300E+01   2.2661055E+10   4.4984167E+01   6.6729436E+09   3.4630000E+03
   6.2319999E+00   1.0370200E+01   2.1905660E+10   4.3069583E+01   7.1600433E+09   3.4640000E+03
   6.7329998E+00   1.0248600E+01   1.9488658E+10   4.1846251E+01   7.2884116E+09   3.4650000E+03
   7.4905000E+00   1.0066600E+01   1.7756802E+10   4.0824167E+01   7.0652678E+09   3.4660000E+03
   8.3514996E+00   1.0005200E+01   1.5465572E+10   4.0849583E+01   7.0974623E+09   3.4670000E+03
   8.4925003E+00   1.0590500E+01   1.3210533E+10   4.3081667E+01   7.6013740E+09   3.4680000E+03
   9.5749998E+00   1.1173000E+01   1.3907207E+10   4.5053333E+01   7.3331468E+09   3.4690000E+03
   1.1150500E+01   1.1605600E+01   1.4916028E+10   4.6706669E+01   6.9913243E+09   3.4700000E+03
   1.3360500E+01   1.2430000E+01   1.3808648E+10   5.0552500E+01   6.3671779E+09   3.4710000E+03
   1.7565001E+01   1.3961900E+01   1.1836771E+10   5.7407084E+01   5.1676911E+09   3.4720000E+03
   1.9839001E+01   1.5596700E+01   1.1669372E+10   6.4192083E+01   4.7121830E+09   3.4730000E+03
   1.9590000E+01   1.6550600E+01   1.2678072E+10   6.7746665E+01   3.9297696E+09   3.4740000E+03
   1.8453501E+01   1.7043501E+01   1.3444990E+10   6.9450417E+01   3.6172724E+09   3.4750000E+03
   1.7505501E+01   1.8201200E+01   1.4041878E+10   7.4217085E+01   3.7141988E+09   3.4760000E+03
   1.8311001E+01   1.8848900E+01   1.4516976E+10   7.7414164E+01   3.8269821E+09   3.4770000E+03
   1.9205000E+01   1.8630600E+01   1.4328529E+10   7.6645001E+01   3.9203973E+09   3.4780000E+03
   1.6732000E+01   1.7541201E+01   1.4518170E+10   7.2249167E+01   4.1475984E+09   3.4790000E+03
   1.4232500E+01   1.6440001E+01   1.5010884E+10   6.7589167E+01   4.5151420E+09   3.4800000E+03
   1.2753500E+01   1.5856000E+01   1.5883528E+10   6.5050000E+01   4.6815235E+09   3.4810000E+03
   1.2183500E+01   1.4962800E+01   1.6929161E+10   6.1072918E+01   4.8630757E+09   3.4820000E+03
   1.1132500E+01   1.3824200E+01   1.7010396E+10   5.6056668E+01   4.8845587E+09   3.4830000E+03
   1.1203500E+01   1.3401900E+01   1.7199802E+10   5.4139165E+01   4.8131460E+09   3.4840000E+03
   1.3014000E+01   1.3251300E+01   1.6786775E+10   5.4099585E+01   4.7177135E+09   3.4850000E+03
   1.2666500E+01   1.2855600E+01   1.6492395E+10   5.3173335E+01   4.7712668E+09   3.4860000E+03
   9.8920002E+00   1.2631100E+01   1.7581613E+10   5.2354998E+01   4.9394587E+09   3.4870000E+03
   9.3140001E+00   1.2917200E+01   2.0511118E+10   5.2978749E+01   6.1570558E+09   3.4890000E+03
   8.5675001E+00   1.3341500E+01   1.9362593E+10   5.4140418E+01   6.3780950E+09   3.4900000E+03
   1.0690500E+01   1.3249500E+01   1.7050117E+10   5.3206669E+01   6.1250696E+09   3.4910000E+03
   1.5351500E+01   1.3072400E+01   1.4280171E+10   5.2619585E+01   5.3672024E+09   3.4920000E+03
   1.7230499E+01   1.3499700E+01   1.3590166E+10   5.4406250E+01   4.8101075E+09   3.4930000E+03
   1.6850500E+01   1.3893200E+01   1.4605255E+10   5.5657499E+01   4.5508391E+09   3.4940000E+03
   1.3899000E+01   1.3687100E+01   1.5924327E+10   5.4605000E+01   4.6342624E+09   3.4950000E+03
   1.1207000E+01   1.3295500E+01   1.7550015E+10   5.3146666E+01   5.1206410E+09   3.4960000E+03
   8.9344997E+00   1.3127000E+01   1.9176324E+10   5.2555416E+01   5.5737688E+09   3.4970000E+03
   1.1936500E+01   1.2702800E+01   2.0244537E+10   5.0939167E+01   5.7093861E+09   3.4980000E+03
   1.2333000E+01   1.1734600E+01   1.8298133E+10   4.7257082E+01   5.4512783E+09   3.4990000E+03
   1.2822000E+01   1.0934200E+01   1.6248346E+10   4.4316248E+01   5.1357904E+09   3.5000000E+03
   1.3543500E+01   1.0963600E+01   1.5663363E+10   4.4799582E+01   4.8733233E+09   3.5010000E+03
   1.2416500E+01   1.0759600E+01   1.6335254E+10   4.4069167E+01   4.8790357E+09   3.5020000E+03
   9.2375002E+00   1.0528600E+01   1.7662261E+10   4.2987084E+01   5.2323495E+09   3.5030000E+03
   8.3769999E+00   1.0830900E+01   1.9940671E+10   4.4087499E+01   5.9240460E+09   3.5040000E+03
   7.5660000E+00   1.1351100E+01   2.1371438E+10   4.6108751E+01   6.4235961E+09   3.5050000E+03
   8.7104998E+00   1.1532200E+01   2.0775503E+10   4.6809585E+01   6.6341190E+09   3.5060000E+03
   9.4635000E+00   1.1322700E+01   1.8125998E+10   4.6315835E+01   6.4582380E+09   3.5070000E+03
   9.3439999E+00   1.1389800E+01   1.6842774E+10   4.6950415E+01   6.2176177E+09   3.5080000E+03
   9.8024998E+00   1.1973200E+01   1.5676296E+10   4.8784584E+01   6.2247228E+09   3.5090000E+03
   9.2250004E+00   1.2385000E+01   1.5482291E+10   4.9962084E+01   6.3314807E+09   3.5100000E+03
   9.8020000E+00   1.2462200E+01   1.6707518E+10   5.0145001E+01   6.2627723E+09   3.5110000E+03
   1.1358500E+01   1.2575100E+01   1.7829794E+10   5.0854168E+01   5.6527937E+09   3.5120000E+03
   1.2944500E+01   1.3014800E+01   1.6632654E+10   5.3010418E+01   5.5794392E+09   3.5130000E+03
   1.6528999E+01   1.3750000E+01   1.0915579E+10   5.5899584E+01   5.3386705E+09   3.5140000E+03
   1.9857000E+01   1.4784600E+01   1.0567435E+10   5.7791251E+01   4.5482320E+09   3.5150000E+03
   1.8710501E+01   1.6320200E+01   1.2836328E+10   5.4958749E+01   4.6756033E+09   3.5160000E+03
   1.5775500E+01   1.6602699E+01   1.6663238E+10   5.4990418E+01   5.0220884E+09   3.5170000E+03
   1.5107500E+01   1.6298300E+01   1.6969684E+10   5.4135417E+01   5.4760219E+09   3.5180000E+03
   8.9280005E+00   1.5542900E+01   1.4217253E+10   5.0358750E+01   6.7805634E+09   3.5190000E+03
   4.1015000E+00   1.4774700E+01   1.6519129E+10   4.8371248E+01   8.2485432E+09   3.5200000E+03
   5.7284999E+00   1.3862200E+01   1.9979763E+10   4.8339167E+01   9.4169821E+09   3.5210000E+03
   7.4809999E+00   1.3049900E+01   1.7113540E+10   4.8754169E+01   8.7603258E+09   3.5220000E+03
   1.3824500E+01   1.2253000E+01   1.4350349E+10   4.8718334E+01   7.5222660E+09   3.5230000E+03
   1.6082001E+01   1.1834200E+01   1.2882029E+10   4.8335416E+01   5.7826125E+09   3.5240000E+03
   1.3102500E+01   1.1956700E+01   1.2998788E+10   4.9214584E+01   5.5408628E+09   3.5250000E+03
   1.2890000E+01   1.2553900E+01   1.6358939E+10   5.1882083E+01   5.4186139E+09   3.5260000E+03
   1.1505500E+01   1.2795700E+01   2.2576465E+10   5.3207084E+01   5.5063167E+09   3.5270000E+03
   1.0250000E+01   1.2729700E+01   1.9698941E+10   5.3040001E+01   6.2029378E+09   3.5280000E+03
   1.0495500E+01   1.2311100E+01   1.6513287E+10   5.1296250E+01   6.9984489E+09   3.5290000E+03
   1.1188500E+01   1.2180200E+01   1.5593750E+10   5.0589583E+01   6.6894322E+09   3.5300000E+03
   1.1108000E+01   1.2909100E+01   1.4555358E+10   5.2900834E+01   6.0195713E+09   3.5310000E+03
   9.9930000E+00   1.3583700E+01   1.4423948E+10   5.5165000E+01   5.4950774E+09   3.5320000E+03
   1.0150500E+01   1.3480000E+01   1.5101558E+10   5.4250419E+01   5.1483626E+09   3.5330000E+03
   1.5138500E+01   1.3470100E+01   1.4538593E+10   5.4343333E+01   4.7133433E+09   3.5340000E+03
   1.6427000E+01   1.4215900E+01   1.3310909E+10   5.7827085E+01   4.2384408E+09   3.5350000E+03
   1.5564000E+01   1.4966800E+01   1.2867068E+10   6.0355835E+01   3.7255628E+09   3.5360000E+03
   1.6725500E+01   1.5459000E+01   1.3587689E+10   6.1392500E+01   3.6003261E+09   3.5370000E+03
   1.3634000E+01   1.5325000E+01   1.4791804E+10   6.0483751E+01   3.9051212E+09   3.5380000E+03
   8.5579996E+00   1.4442200E+01   1.6814795E+10   5.7026665E+01   4.6331372E+09   3.5390000E+03
   7.2395000E+00   1.3723000E+01   1.9901375E+10   5.4228751E+01   5.6462883E+09   3.5400000E+03
   7.2544999E+00   1.3369400E+01   2.0599723E+10   5.3332500E+01   5.9894599E+09   3.5410000E+03
   1.0398000E+01   1.2411400E+01   1.8797202E+10   5.0394168E+01   5.9205204E+09   3.5420000E+03
   1.0224500E+01   1.1378500E+01   1.6630207E+10   4.7058334E+01   5.8255142E+09   3.5430000E+03
   7.2969999E+00   1.0866400E+01   1.7184929E+10   4.5264998E+01   5.8762387E+09   3.5440000E+03
   6.9499998E+00   1.1082400E+01   1.9527485E+10   4.6025833E+01   6.1785864E+09   3.5450000E+03
   9.0734997E+00   1.1576200E+01   1.9099478E+10   4.7733750E+01   6.5256196E+09   3.5460000E+03
   1.0086500E+01   1.1823700E+01   1.6846174E+10   4.8062083E+01   6.8190671E+09   3.5470000E+03
   7.7564998E+00   1.2005100E+01   1.6873655E+10   4.7258749E+01   7.2679788E+09   3.5480000E+03
   1.0211000E+01   1.2209500E+01   1.9683909E+10   4.5515833E+01   7.8880429E+09   3.5490000E+03
   1.0265500E+01   1.2252100E+01   2.1555628E+10   4.3064166E+01   8.5580419E+09   3.5500000E+03
   7.4584999E+00   1.2633900E+01   2.0582626E+10   4.1913750E+01   1.0298370E+10   3.5510000E+03
   1.0212000E+01   1.3194700E+01   2.0403577E+10   3.9642918E+01   1.1237346E+10   3.5520000E+03
   9.0109997E+00   1.4093000E+01   2.2132062E+10   3.5554168E+01   1.0916889E+10   3.5530000E+03
   1.1585500E+01   1.6192499E+01   2.3585429E+10   3.1299999E+01   1.0334838E+10   3.5540000E+03
   2.0720501E+01   1.8204100E+01   2.2526624E+10   2.8077917E+01   9.2932535E+09   3.5550000E+03
   2.5608999E+01   1.9978001E+01   1.6329250E+10   2.4505000E+01   6.9237543E+09   3.5560000E+03
   2.9375000E+01   2.1803801E+01   1.3198685E+10   2.1304166E+01   5.8776574E+09   3.5570000E+03
   3.0615499E+01   2.3938400E+01   1.2205574E+10   2.0298751E+01   5.4561181E+09   3.5580000E+03
   2.8979000E+01   2.5347799E+01   1.2003732E+10   2.1100833E+01   5.2751280E+09   3.5590000E+03
   2.0601500E+01   2.6027000E+01   1.3188785E+10   2.0634584E+01   5.3992725E+09   3.5600000E+03
   2.2823999E+01   2.6052799E+01   1.4041858E+10   2.0199999E+01   5.5444739E+09   3.5610000E+03
   2.4476000E+01   2.5474400E+01   1.4829777E+10   2.0382084E+01   5.7011296E+09   3.5620000E+03
   2.5299999E+01   2.4907400E+01   1.4056046E+10   2.0660416E+01   5.7055085E+09   3.5630000E+03
   2.5760000E+01   2.5066000E+01   1.2539608E+10   2.1994584E+01   5.7518822E+09   3.5640000E+03
   2.5511499E+01   2.5927200E+01   1.1796967E+10   2.2338750E+01   5.8276666E+09   3.5650000E+03
   2.5649500E+01   2.6849800E+01   1.1450434E+10   1.9787916E+01   5.5809724E+09   3.5660000E+03
   2.9782499E+01   2.7213800E+01   1.1875508E+10   1.8051250E+01   5.2967197E+09   3.5670000E+03
   2.8656500E+01   2.7851900E+01   1.2156648E+10   1.8725001E+01   5.3165915E+09   3.5680000E+03
   2.9860001E+01   2.8522800E+01   1.1939606E+10   1.8515416E+01   5.4260303E+09   3.5690000E+03
   3.1042500E+01   2.8838800E+01   1.1659167E+10   1.6265000E+01   5.3951510E+09   3.5700000E+03
   3.1032499E+01   2.8816099E+01   1.1251578E+10   1.5426251E+01   5.4708029E+09   3.5710000E+03
   2.8453501E+01   2.8803499E+01   1.1192319E+10   1.5441250E+01   5.6211241E+09   3.5720000E+03
   2.7318501E+01   2.8906000E+01   1.1157902E+10   1.5158750E+01   5.7591493E+09   3.5730000E+03
   2.5108500E+01   2.8982201E+01   1.1365430E+10   1.4691250E+01   5.7318659E+09   3.5740000E+03
   2.8720501E+01   2.8521500E+01   1.1351177E+10   1.4555833E+01   5.7496570E+09   3.5750000E+03
   3.0541000E+01   2.7811899E+01   1.1021360E+10   1.5108750E+01   5.9245318E+09   3.5760000E+03
   3.0006001E+01   2.7334900E+01   1.0872241E+10   1.5819166E+01   6.0996584E+09   3.5770000E+03
   2.5798000E+01   2.7593100E+01   1.1032627E+10   1.6810833E+01   6.0317706E+09   3.5780000E+03
   2.7285999E+01   2.7602800E+01   1.1453587E+10   1.7099166E+01   5.8095999E+09   3.5790000E+03
   2.9007000E+01   2.7116199E+01   1.1782331E+10   1.7051666E+01   5.8620655E+09   3.5800000E+03
   2.5014999E+01   2.7044600E+01   1.2229381E+10   1.7782083E+01   6.1335077E+09   3.5810000E+03
   2.5503500E+01   2.7588400E+01   1.2455731E+10   1.8548750E+01   6.3178649E+09   3.5820000E+03
   2.9495001E+01   2.7929899E+01   1.2301522E+10   1.8513333E+01   6.1990152E+09   3.5830000E+03
   2.9024500E+01   2.7911100E+01   1.1796763E+10   1.8684584E+01   6.0938118E+09   3.5840000E+03
   2.7893499E+01   2.7603500E+01   1.1480609E+10   1.8984582E+01   6.1486442E+09   3.5850000E+03
   2.7271999E+01   2.7224501E+01   1.1751243E+10   1.9447916E+01   6.2274127E+09   3.5860000E+03
   2.5354500E+01   2.7086800E+01   1.2274270E+10   2.0722084E+01   6.3277917E+09   3.5870000E+03
   2.2344500E+01   2.6191601E+01   1.3170888E+10   2.3584583E+01   6.4443542E+09   3.5880000E+03
   2.4652000E+01   2.4145000E+01   1.3305290E+10   2.6344583E+01   6.4426506E+09   3.5890000E+03
   2.3165501E+01   2.1920200E+01   1.3976498E+10   3.0152917E+01   6.9067469E+09   3.5900000E+03
   1.3593000E+01   2.0079300E+01   1.4051010E+10   3.4552500E+01   6.8301287E+09   3.5910000E+03
   1.0191000E+01   1.7872200E+01   1.5208543E+10   3.5915416E+01   6.8314801E+09   3.5920000E+03
   9.7830000E+00   1.6297199E+01   1.7687753E+10   3.8447083E+01   7.1486136E+09   3.5930000E+03
   1.0500000E+01   1.4971000E+01   1.9373320E+10   4.2732501E+01   7.5989588E+09   3.5940000E+03
   1.3402000E+01   1.3616400E+01   1.7299631E+10   4.5811667E+01   7.2495345E+09   3.5950000E+03
   1.3148500E+01   1.3546100E+01   1.4479916E+10   4.9352084E+01   6.4351000E+09   3.5960000E+03
   1.2337000E+01   1.4215900E+01   1.3351906E+10   5.3956248E+01   5.6772855E+09   3.5970000E+03
   1.3202000E+01   1.4566500E+01   1.3704627E+10   5.7044585E+01   5.1805836E+09   3.5980000E+03
   1.3294000E+01   1.4333500E+01   1.4349335E+10   5.7732917E+01   4.8970388E+09   3.5990000E+03
   1.2822500E+01   1.4266300E+01   1.5027923E+10   5.8120832E+01   4.8777084E+09   3.6000000E+03
   6.4745002E+00   1.4368300E+01   1.8637693E+10   5.8756251E+01   3.8442037E+09   3.6010000E+03
   5.4790001E+00   1.4572900E+01   2.7300201E+10   5.9762500E+01   3.1164170E+09   3.6020000E+03
   8.5644999E+00   1.4728100E+01   3.0989909E+10   6.1100001E+01   2.8284048E+09   3.6030000E+03
   1.2531000E+01   1.5292000E+01   2.5169551E+10   6.3502498E+01   2.9238074E+09   3.6040000E+03
   1.4075000E+01   1.6376900E+01   1.7986139E+10   6.7499582E+01   2.9407942E+09   3.6050000E+03
   1.3955500E+01   1.7386400E+01   1.4263200E+10   7.1959170E+01   2.9407942E+09   3.6060000E+03
   1.4758500E+01   1.7931000E+01   1.1826302E+10   7.4619168E+01   4.1659329E+09   3.6070000E+03
   1.5252000E+01   1.7963800E+01   1.2120977E+10   7.4505420E+01   4.3234005E+09   3.6080000E+03
   1.4997500E+01   1.7311100E+01   1.3996983E+10   7.1083753E+01   3.9588076E+09   3.6090000E+03
   1.3846500E+01   1.6884600E+01   1.5052813E+10   6.8920002E+01   4.0196439E+09   3.6100000E+03
   1.4698500E+01   1.6332899E+01   1.5664543E+10   6.6409584E+01   4.1223090E+09   3.6110000E+03
   1.6326000E+01   1.6495001E+01   1.5220196E+10   6.6613335E+01   4.1981309E+09   3.6120000E+03
   1.7098499E+01   1.7562000E+01   1.5071242E+10   7.0337920E+01   4.1017085E+09   3.6130000E+03
   1.9132999E+01   1.8117100E+01   1.5043814E+10   7.2370833E+01   3.4109135E+09   3.6140000E+03
   2.1082001E+01   1.8054600E+01   1.4184635E+10   7.1828750E+01   3.1358177E+09   3.6150000E+03
   2.0901501E+01   1.8632900E+01   1.3265480E+10   7.3763752E+01   3.0947818E+09   3.6160000E+03
   1.9129000E+01   1.9189699E+01   1.3436605E+10   7.6074163E+01   3.1995281E+09   3.6170000E+03
   1.9139999E+01   1.9062500E+01   1.3534737E+10   7.5919585E+01   3.2478229E+09   3.6180000E+03
   1.8312500E+01   1.8121300E+01   1.3246419E+10   7.2233752E+01   3.3673533E+09   3.6190000E+03
   1.7021000E+01   1.6986200E+01   1.3589426E+10   6.8007502E+01   3.6329377E+09   3.6200000E+03
   1.5044500E+01   1.6339100E+01   1.3622781E+10   6.6454167E+01   3.9449970E+09   3.6210000E+03
   1.0497000E+01   1.6154800E+01   1.4479159E+10   6.6214584E+01   4.5304458E+09   3.6220000E+03
   8.5550003E+00   1.5888600E+01   1.7064577E+10   6.5148331E+01   5.2344872E+09   3.6230000E+03
   9.8730001E+00   1.5026900E+01   1.8273900E+10   6.1816667E+01   5.5528444E+09   3.6240000E+03
   1.2592000E+01   1.5182500E+01   1.5131977E+10   6.2822918E+01   5.2571616E+09   3.6250000E+03
   1.4045000E+01   1.5858700E+01   1.3662897E+10   6.5779999E+01   5.0066120E+09   3.6260000E+03
   1.4719500E+01   1.6000799E+01   1.4077543E+10   6.6392502E+01   4.7581969E+09   3.6270000E+03
   1.7538500E+01   1.5813700E+01   1.4359077E+10   6.5833749E+01   4.4745210E+09   3.6280000E+03
   1.8959499E+01   1.5979300E+01   1.4460706E+10   6.6580834E+01   4.3052535E+09   3.6290000E+03
   1.5597500E+01   1.5848600E+01   1.4724172E+10   6.6032500E+01   4.2748112E+09   3.6300000E+03
   1.6358000E+01   1.5089400E+01   1.5508522E+10   6.2737500E+01   4.4661122E+09   3.6310000E+03
   1.5295000E+01   1.5332900E+01   1.6050409E+10   6.3503750E+01   4.7122896E+09   3.6320000E+03
   1.4895000E+01   1.5677300E+01   1.5922233E+10   6.4495417E+01   5.0097769E+09   3.6330000E+03
   1.7062000E+01   1.4859200E+01   1.5437383E+10   6.1080416E+01   5.2607403E+09   3.6340000E+03
   1.5190000E+01   1.4214300E+01   1.5012115E+10   5.8071252E+01   5.5328210E+09   3.6350000E+03
   1.3963500E+01   1.4742000E+01   1.5873632E+10   5.9455001E+01   5.9654574E+09   3.6360000E+03
   1.6305500E+01   1.5554500E+01   1.6943557E+10   6.2423335E+01   6.3621159E+09   3.6370000E+03
   1.4902500E+01   1.5955600E+01   1.6179101E+10   6.3638748E+01   5.9164996E+09   3.6380000E+03
   1.7548500E+01   1.6277300E+01   1.4954638E+10   6.5042501E+01   4.4597050E+09   3.6390000E+03
   1.8342501E+01   1.6502001E+01   1.3392774E+10   6.6108333E+01   3.4905573E+09   3.6400000E+03
   1.8663000E+01   1.6497200E+01   1.2981558E+10   6.6094583E+01   3.3690640E+09   3.6410000E+03
   1.5972500E+01   1.6145100E+01   1.3564270E+10   6.4762084E+01   3.5459860E+09   3.6420000E+03
   1.4073500E+01   1.5497000E+01   1.4140676E+10   6.2752084E+01   4.2299959E+09   3.6430000E+03
   8.8319998E+00   1.5025900E+01   1.7021981E+10   6.1278333E+01   5.8963682E+09   3.6440000E+03
   7.2104998E+00   1.4886100E+01   1.8782686E+10   6.0659582E+01   7.3833141E+09   3.6450000E+03
   1.1529500E+01   1.4401900E+01   1.8546453E+10   5.8713749E+01   7.4565445E+09   3.6460000E+03
   1.6191999E+01   1.4000100E+01   1.3279817E+10   5.6987917E+01   6.3668852E+09   3.6470000E+03
   1.5591000E+01   1.4834200E+01   1.2119934E+10   6.0478334E+01   5.4662008E+09   3.6480000E+03
   1.3982500E+01   1.5382200E+01   1.2678075E+10   6.2987084E+01   4.8171112E+09   3.6490000E+03
   1.2881500E+01   1.4657900E+01   1.4236065E+10   5.9980418E+01   4.3881010E+09   3.6500000E+03
   1.3189500E+01   1.4874300E+01   1.5272686E+10   6.0532502E+01   4.2745206E+09   3.6510000E+03
   1.3971000E+01   1.5212600E+01   1.5443001E+10   6.1564583E+01   4.4184387E+09   3.6520000E+03
   1.4581500E+01   1.4361000E+01   1.5993936E+10   5.7487084E+01   4.9254968E+09   3.6530000E+03
   1.4308000E+01   1.3586200E+01   1.7483428E+10   5.2506666E+01   5.6581425E+09   3.6540000E+03
   9.2205000E+00   1.4061200E+01   1.9716608E+10   5.1337085E+01   6.7350897E+09   3.6550000E+03
   9.1564999E+00   1.5062500E+01   2.1646647E+10   5.0271251E+01   7.7982631E+09   3.6560000E+03
   1.2427500E+01   1.5108400E+01   2.1814100E+10   4.5293750E+01   8.2192657E+09   3.6570000E+03
   1.6781500E+01   1.4967600E+01   1.9358213E+10   4.2122084E+01   8.0948831E+09   3.6580000E+03
   1.9157499E+01   1.4512200E+01   1.6054906E+10   4.0576250E+01   7.7031564E+09   3.6590000E+03
   1.9631500E+01   1.4321200E+01   1.4453341E+10   3.9186249E+01   7.7174259E+09   3.6600000E+03
   1.3721000E+01   1.4108400E+01   1.4043317E+10   3.9497083E+01   7.9464023E+09   3.6610000E+03
   1.0246000E+01   1.3430900E+01   1.5293085E+10   4.1691250E+01   8.2700665E+09   3.6620000E+03
   1.0482500E+01   1.2570800E+01   1.7100449E+10   4.3535835E+01   8.3559014E+09   3.6630000E+03
   1.0001000E+01   1.2059500E+01   1.8007832E+10   4.5397499E+01   8.3560049E+09   3.6640000E+03
   1.0608500E+01   1.2029400E+01   1.7573187E+10   4.5939584E+01   8.1939710E+09   3.6650000E+03
   1.0833000E+01   1.2863500E+01   1.7163796E+10   4.6500416E+01   8.2117371E+09   3.6660000E+03
   1.2803000E+01   1.4275900E+01   1.6395118E+10   4.9108750E+01   7.8127480E+09   3.6670000E+03
   1.4723000E+01   1.5546200E+01   1.5415398E+10   5.0144583E+01   7.0656829E+09   3.6680000E+03
   1.6992001E+01   1.6273300E+01   1.5504673E+10   4.9530417E+01   6.8482163E+09   3.6690000E+03
   1.8083500E+01   1.6730101E+01   1.5467868E+10   5.0512915E+01   6.8297243E+09   3.6700000E+03
   1.7964500E+01   1.7231501E+01   1.4720573E+10   5.1912500E+01   7.0025610E+09   3.6710000E+03
   1.6305500E+01   1.7457800E+01   1.3923007E+10   5.1475419E+01   7.2936514E+09   3.6720000E+03
   1.3299000E+01   1.7195700E+01   1.3943829E+10   5.0336666E+01   7.5368142E+09   3.6730000E+03
   1.4980500E+01   1.6700100E+01   1.4972155E+10   4.9586668E+01   7.7941659E+09   3.6740000E+03
   1.5043000E+01   1.6002300E+01   1.5571306E+10   4.8132084E+01   7.9652899E+09   3.6750000E+03
   1.3245000E+01   1.5050100E+01   1.5304830E+10   4.5699166E+01   8.1115091E+09   3.6760000E+03
   1.0263500E+01   1.4840300E+01   1.4683548E+10   4.5003751E+01   8.3679603E+09   3.6770000E+03
   9.3065004E+00   1.5307400E+01   1.4977463E+10   4.4598751E+01   8.2110523E+09   3.6780000E+03
   1.2556500E+01   1.6226601E+01   1.5625628E+10   4.1645833E+01   8.1062299E+09   3.6790000E+03
   1.3744000E+01   1.7456900E+01   1.5939362E+10   3.3859167E+01   8.2073901E+09   3.6800000E+03
   1.8361000E+01   1.9667200E+01   1.5813876E+10   2.9165417E+01   8.5145864E+09   3.6810000E+03
   2.4613001E+01   2.0746300E+01   1.4361249E+10   2.6179999E+01   8.9635979E+09   3.6820000E+03
   2.6669001E+01   2.0982700E+01   1.3838692E+10   2.3994167E+01   8.7261894E+09   3.6830000E+03
   2.7539000E+01   1.9695000E+01   1.3877293E+10   2.3202083E+01   7.8233684E+09   3.6840000E+03
   2.2554001E+01   1.8223101E+01   1.3958676E+10   2.3925833E+01   7.3194843E+09   3.6850000E+03
   1.0236500E+01   1.7112200E+01   1.4290180E+10   2.7174167E+01   6.4689364E+09   3.6860000E+03
   8.8859997E+00   1.5862200E+01   1.4648369E+10   3.5644167E+01   5.8634578E+09   3.6870000E+03
   8.3485003E+00   1.3004000E+01   1.6418830E+10   4.0048332E+01   6.1288396E+09   3.6880000E+03
   8.8774996E+00   1.1925000E+01   1.7555635E+10   4.3098333E+01   6.1479849E+09   3.6890000E+03
   8.6654997E+00   1.2027600E+01   1.8735167E+10   4.7196250E+01   6.0186347E+09   3.6900000E+03
   8.0155001E+00   1.2346700E+01   1.8844011E+10   4.9253334E+01   5.9353666E+09   3.6910000E+03
   7.5085001E+00   1.2205700E+01   1.8469003E+10   4.6838749E+01   6.0434208E+09   3.6920000E+03
   7.5475001E+00   1.2327300E+01   1.8007061E+10   4.5630000E+01   6.1901000E+09   3.6930000E+03
   9.9809999E+00   1.2634800E+01   1.7319290E+10   4.5389999E+01   6.5391648E+09   3.6940000E+03
   1.0438000E+01   1.2851000E+01   1.6390221E+10   4.4014585E+01   7.2383362E+09   3.6950000E+03
   1.0060500E+01   1.2859400E+01   1.5037289E+10   4.3050001E+01   8.1274465E+09   3.6960000E+03
   1.3398500E+01   1.2777200E+01   1.4259276E+10   4.2376250E+01   8.9757307E+09   3.6970000E+03
   1.2020500E+01   1.2375000E+01   1.3913375E+10   3.9987083E+01   9.8708105E+09   3.6980000E+03
   7.7890000E+00   1.2222500E+01   1.4107283E+10   3.9087917E+01   1.0528644E+10   3.6990000E+03
   6.7855000E+00   1.2343100E+01   1.5045984E+10   4.0920834E+01   1.0997150E+10   3.7000000E+03
   1.0503500E+01   1.2205000E+01   1.5876348E+10   4.1988335E+01   1.1186968E+10   3.7010000E+03
   1.1112500E+01   1.2118100E+01   1.5102964E+10   4.1973333E+01   1.0946346E+10   3.7020000E+03
   7.3109999E+00   1.2566800E+01   1.3831491E+10   4.3674999E+01   1.0296790E+10   3.7030000E+03
   7.1520000E+00   1.2982600E+01   1.4033783E+10   4.6285834E+01   9.2699702E+09   3.7040000E+03
   1.0558000E+01   1.3212000E+01   1.2771983E+10   4.8882500E+01   8.6974298E+09   3.7050000E+03
   8.9534998E+00   1.3045100E+01   1.2242315E+10   4.9529999E+01   8.6444523E+09   3.7060000E+03
   8.5900002E+00   1.3015100E+01   1.3356759E+10   4.9468749E+01   8.1918430E+09   3.7070000E+03
   1.0849500E+01   1.2948800E+01   1.4049081E+10   4.9300002E+01   7.5530921E+09   3.7080000E+03
   1.2708500E+01   1.2702400E+01   1.4550955E+10   4.9377501E+01   7.5047941E+09   3.7090000E+03
   1.1723500E+01   1.2703400E+01   1.6277804E+10   4.9882082E+01   7.6782976E+09   3.7100000E+03
   1.1202000E+01   1.2777100E+01   1.6857912E+10   5.0015418E+01   7.8971783E+09   3.7110000E+03
   1.4157500E+01   1.2494600E+01   1.4936186E+10   4.9086250E+01   7.9013381E+09   3.7120000E+03
   6.6185002E+00   1.2654500E+01   1.3963729E+10   5.1004999E+01   7.7278105E+09   3.7130000E+03
   8.8459997E+00   1.3192300E+01   1.4572022E+10   5.3522082E+01   7.5992229E+09   3.7140000E+03
   1.1087000E+01   1.3168000E+01   1.4975099E+10   5.3621249E+01   7.7968976E+09   3.7150000E+03
   9.2880001E+00   1.2672200E+01   1.4220619E+10   5.2360415E+01   8.0388995E+09   3.7160000E+03
   1.0316500E+01   1.2768100E+01   1.4763069E+10   5.3189998E+01   7.9156827E+09   3.7170000E+03
   9.1324997E+00   1.3436100E+01   1.6876234E+10   5.5905834E+01   7.7690944E+09   3.7180000E+03
   8.8485003E+00   1.3408900E+01   1.7463637E+10   5.5617500E+01   7.7087002E+09   3.7190000E+03
   1.0539000E+01   1.2834400E+01   1.6322562E+10   5.2755002E+01   7.7517643E+09   3.7200000E+03
   1.4048000E+01   1.2930900E+01   1.4410793E+10   5.2211250E+01   7.6311813E+09   3.7210000E+03
   1.5495500E+01   1.3479500E+01   1.3502371E+10   5.3942918E+01   7.4903876E+09   3.7220000E+03
   1.2812500E+01   1.3515300E+01   1.3521296E+10   5.4150835E+01   7.0390428E+09   3.7230000E+03
   1.2184500E+01   1.3324100E+01   1.3415675E+10   5.4232084E+01   6.3017450E+09   3.7240000E+03
   1.1719500E+01   1.3665100E+01   1.3560647E+10   5.5447085E+01   6.7826013E+09   3.7250000E+03
   1.0940000E+01   1.3736500E+01   1.4270452E+10   5.5059582E+01   6.8756009E+09   3.7260000E+03
   1.0888000E+01   1.3225700E+01   1.3585779E+10   5.2626666E+01   6.2564523E+09   3.7270000E+03
   1.4103500E+01   1.3308900E+01   1.2674117E+10   5.3993750E+01   5.9459377E+09   3.7280000E+03
   1.2358500E+01   1.3169300E+01   1.3715461E+10   5.4138332E+01   6.0435775E+09   3.7290000E+03
   1.2367000E+01   1.1927700E+01   1.5247078E+10   4.8022501E+01   6.0987247E+09   3.7300000E+03
   1.3418500E+01   1.1574200E+01   1.5491932E+10   4.2612499E+01   6.1199680E+09   3.7310000E+03
   7.6890001E+00   1.2804500E+01   1.5853316E+10   4.2805834E+01   6.6820228E+09   3.7320000E+03
   4.4705000E+00   1.3482700E+01   2.0437264E+10   3.9204166E+01   8.0515908E+09   3.7330000E+03
   1.1353500E+01   1.4798900E+01   2.2671499E+10   3.4086666E+01   9.3305873E+09   3.7340000E+03
   1.6028999E+01   1.6213900E+01   1.7811637E+10   3.2560000E+01   9.8340398E+09   3.7350000E+03
   1.8543501E+01   1.7641100E+01   1.3415291E+10   3.6357917E+01   1.0068836E+10   3.7360000E+03
   2.0191000E+01   1.8913900E+01   1.2634017E+10   4.5635834E+01   9.5353083E+09   3.7370000E+03
   2.5702999E+01   1.9213100E+01   1.0183696E+10   5.0809166E+01   8.3132264E+09   3.7380000E+03
   2.0934999E+01   1.9254299E+01   7.6946814E+09   5.5775000E+01   7.2365721E+09   3.7390000E+03
   1.4928500E+01   1.8654699E+01   8.6157327E+09   6.0939167E+01   6.1815460E+09   3.7400000E+03
   1.6278000E+01   1.7807199E+01   1.0507453E+10   6.4984167E+01   5.4096488E+09   3.7410000E+03
   1.7875500E+01   1.7712799E+01   1.3866495E+10   6.8044169E+01   4.0490840E+09   3.7420000E+03
   1.8056000E+01   1.7556400E+01   1.4506565E+10   6.9632086E+01   3.8146586E+09   3.7430000E+03
   1.6091499E+01   1.7176201E+01   1.4567599E+10   6.8780835E+01   4.0870040E+09   3.7440000E+03
   1.3821000E+01   1.7269699E+01   1.4677543E+10   6.9187498E+01   4.5153611E+09   3.7450000E+03
   1.3385000E+01   1.7774200E+01   1.4901588E+10   7.0941250E+01   4.9337652E+09   3.7460000E+03
   1.3056000E+01   1.8612801E+01   1.5338287E+10   7.4285836E+01   4.9798622E+09   3.7470000E+03
   1.7234501E+01   1.8768700E+01   1.4692736E+10   7.5304585E+01   4.3253314E+09   3.7480000E+03
   1.7313000E+01   1.8145700E+01   1.3166426E+10   7.3126668E+01   3.6693555E+09   3.7490000E+03
   1.5972500E+01   1.7483200E+01   1.2558409E+10   7.0610833E+01   3.5719499E+09   3.7500000E+03
   1.8111500E+01   1.7252100E+01   1.4269194E+10   7.0200833E+01   4.1176082E+09   3.7510000E+03
   1.5759500E+01   1.6444901E+01   1.5764046E+10   6.7148749E+01   4.6568680E+09   3.7520000E+03
   1.2410000E+01   1.5026900E+01   1.6840944E+10   6.1803333E+01   4.9242722E+09   3.7530000E+03
   1.2380000E+01   1.4018700E+01   1.6730241E+10   5.7662082E+01   5.1817685E+09   3.7540000E+03
   1.3577000E+01   1.4295400E+01   1.5824842E+10   5.8857918E+01   5.0476583E+09   3.7550000E+03
   1.4630500E+01   1.4928400E+01   1.5732203E+10   6.1907502E+01   4.8120886E+09   3.7560000E+03
   1.2649000E+01   1.5650600E+01   1.5776890E+10   6.5122083E+01   4.5714738E+09   3.7570000E+03
   1.4269000E+01   1.6055799E+01   1.5071549E+10   6.5232917E+01   4.1796273E+09   3.7580000E+03
   1.5884500E+01   1.5826600E+01   1.4423973E+10   6.2152917E+01   3.7817598E+09   3.7590000E+03
   1.8861000E+01   1.5466500E+01   1.3764442E+10   5.8580001E+01   3.5215165E+09   3.7600000E+03
   2.1203501E+01   1.5153700E+01   1.3657109E+10   5.4801667E+01   3.6737146E+09   3.7610000E+03
   1.4714000E+01   1.4469900E+01   1.5654148E+10   5.1233332E+01   4.5654758E+09   3.7620000E+03
   1.0632500E+01   1.3206400E+01   2.0422085E+10   4.6908332E+01   6.0154910E+09   3.7630000E+03
   6.3585000E+00   1.2073200E+01   2.3338214E+10   4.3324584E+01   7.4371122E+09   3.7640000E+03
   6.3099999E+00   1.1710600E+01   2.1094760E+10   4.2661250E+01   8.6956671E+09   3.7650000E+03
   5.7835002E+00   1.2079600E+01   1.8316870E+10   4.5590418E+01   9.2157245E+09   3.7660000E+03
   5.4955001E+00   1.2697500E+01   1.5346457E+10   5.0003749E+01   8.6363904E+09   3.7670000E+03
   8.2419996E+00   1.3193300E+01   1.3484547E+10   5.3037499E+01   7.2797854E+09   3.7680000E+03
   9.4370003E+00   1.3943100E+01   1.2007781E+10   5.6367917E+01   6.6695826E+09   3.7690000E+03
   7.5374999E+00   1.4558800E+01   1.2899803E+10   5.9916667E+01   6.5576144E+09   3.7700000E+03
   7.6399999E+00   1.4831900E+01   1.4055029E+10   6.1783749E+01   6.8228752E+09   3.7710000E+03
   7.8724999E+00   1.4949200E+01   1.4750994E+10   6.2219583E+01   6.9063238E+09   3.7720000E+03
   9.4995003E+00   1.5145300E+01   1.5767395E+10   6.2515416E+01   6.3978557E+09   3.7730000E+03
   1.3956000E+01   1.5608700E+01   1.4820867E+10   6.3805001E+01   6.2014285E+09   3.7740000E+03
   9.7189999E+00   1.6746000E+01   1.2902337E+10   6.8201668E+01   5.9773900E+09   3.7750000E+03
   7.8600001E+00   1.7746799E+01   1.4241920E+10   7.2909581E+01   5.7306619E+09   3.7760000E+03
   8.9645004E+00   1.7397100E+01   1.5874112E+10   7.2333751E+01   5.6203167E+09   3.7770000E+03
   1.4574000E+01   1.7000700E+01   1.5014918E+10   7.0835833E+01   4.6464569E+09   3.7780000E+03
   1.5175500E+01   1.8045401E+01   1.3814267E+10   7.5153749E+01   3.8376764E+09   3.7790000E+03
   1.1770500E+01   1.9377100E+01   1.4608842E+10   7.9799167E+01   3.9884383E+09   3.7800000E+03
   1.0275500E+01   1.9230400E+01   1.7008609E+10   7.8250417E+01   4.4983236E+09   3.7810000E+03
   1.1297000E+01   1.9011101E+01   1.8267483E+10   7.7177501E+01   4.8746405E+09   3.7820000E+03
   1.3433500E+01   1.8745399E+01   1.5768796E+10   7.6303752E+01   4.9971374E+09   3.7830000E+03
   1.4081500E+01   1.8167400E+01   1.2263832E+10   7.4775004E+01   4.7708943E+09   3.7840000E+03
   1.4068500E+01   1.7680000E+01   1.1600160E+10   7.3592498E+01   4.4699851E+09   3.7850000E+03
   1.3860000E+01   1.6876200E+01   1.0698008E+10   7.0317087E+01   4.7261544E+09   3.7860000E+03
   9.7449999E+00   1.5693000E+01   1.4239341E+10   6.5225832E+01   5.4447500E+09   3.7870000E+03
   7.0149999E+00   1.5508500E+01   1.7708106E+10   6.3763749E+01   5.6276627E+09   3.7880000E+03
   1.0960500E+01   1.5436500E+01   1.8093246E+10   6.2467916E+01   5.7117540E+09   3.7890000E+03
   1.0793000E+01   1.4963100E+01   1.6177678E+10   5.9820418E+01   5.5416577E+09   3.7900000E+03
   8.1599998E+00   1.4654900E+01   1.4913946E+10   5.8750834E+01   5.4779629E+09   3.7910000E+03
   6.7965002E+00   1.5011800E+01   1.6358998E+10   6.1727084E+01   5.7986726E+09   3.7920000E+03
   8.2725000E+00   1.5686800E+01   1.8296125E+10   6.5342918E+01   5.7547833E+09   3.7930000E+03
   1.1767000E+01   1.6212999E+01   1.7375860E+10   6.7554165E+01   5.3282920E+09   3.7940000E+03
   1.2303500E+01   1.6835400E+01   1.4833298E+10   7.0018749E+01   5.2063820E+09   3.7950000E+03
   9.9934998E+00   1.8103399E+01   1.3450463E+10   7.4517914E+01   5.0541875E+09   3.7960000E+03
   1.4019500E+01   1.9328699E+01   1.3928695E+10   7.8426250E+01   5.1858643E+09   3.7970000E+03
   1.6679501E+01   1.8987000E+01   1.3110137E+10   7.6054583E+01   4.9764590E+09   3.7980000E+03
   1.6361500E+01   1.8009001E+01   1.1999938E+10   7.2247916E+01   4.4898190E+09   3.7990000E+03
   1.3898500E+01   1.7866600E+01   1.1789116E+10   7.1945418E+01   4.3443148E+09   3.8000000E+03
   7.3759999E+00   1.8181499E+01   1.4704914E+10   7.3412499E+01   4.8436172E+09   3.8010000E+03
   4.8985000E+00   1.7784500E+01   2.2502432E+10   7.2371670E+01   6.6175087E+09   3.8020000E+03
   9.9910002E+00   1.6738800E+01   2.2592833E+10   6.8616251E+01   8.0730152E+09   3.8030000E+03
   1.5225000E+01   1.5570700E+01   1.5144572E+10   6.4137500E+01   7.6002767E+09   3.8040000E+03
   1.2426500E+01   1.5347000E+01   1.1109158E+10   6.3629584E+01   6.9613119E+09   3.8050000E+03
   5.1250000E+00   1.5499000E+01   1.2175470E+10   6.4455416E+01   7.0693672E+09   3.8060000E+03
   1.2674500E+01   1.6256800E+01   1.5113719E+10   6.6944167E+01   8.1859207E+09   3.8070000E+03
   7.9080000E+00   1.7458700E+01   1.5490692E+10   7.0689998E+01   8.2755969E+09   3.8080000E+03
   1.1845000E+01   1.8423500E+01   1.5290077E+10   7.4074999E+01   7.2135850E+09   3.8090000E+03
   1.7115499E+01   1.8828501E+01   1.4298987E+10   7.6365415E+01   5.8011823E+09   3.8100000E+03
   1.8837500E+01   1.9136900E+01   1.1877482E+10   7.8756664E+01   4.7981440E+09   3.8110000E+03
   1.9770000E+01   1.9621099E+01   9.6813117E+09   8.1725834E+01   3.9892507E+09   3.8120000E+03
   1.7785500E+01   2.0149099E+01   9.9441852E+09   8.3621249E+01   3.3353121E+09   3.8130000E+03
   1.6382999E+01   1.9656200E+01   1.1707568E+10   8.0028750E+01   2.9584819E+09   3.8140000E+03
   1.4864500E+01   1.9005600E+01   1.3510356E+10   7.5720836E+01   3.0858432E+09   3.8150000E+03
   1.3784000E+01   1.8785000E+01   1.4950029E+10   7.5109580E+01   3.3551810E+09   3.8160000E+03
   1.3752500E+01   1.8114401E+01   1.5075448E+10   7.3851249E+01   3.7226558E+09   3.8170000E+03
   1.4317000E+01   1.6766100E+01   1.4810206E+10   6.9631667E+01   3.9764029E+09   3.8180000E+03
   1.5665500E+01   1.6187799E+01   1.4692281E+10   6.7437083E+01   4.1208501E+09   3.8190000E+03
   1.2816500E+01   1.5275900E+01   1.5049240E+10   6.3071249E+01   4.6139779E+09   3.8200000E+03
   7.5549998E+00   1.3789400E+01   1.8159377E+10   5.4992084E+01   5.3362618E+09   3.8210000E+03
   7.5390000E+00   1.2751900E+01   2.2952427E+10   5.0880000E+01   6.4603376E+09   3.8220000E+03
   8.9770002E+00   1.2092200E+01   2.2794411E+10   4.9132498E+01   7.1687366E+09   3.8230000E+03
   1.0401000E+01   1.2223500E+01   2.1099990E+10   4.9627083E+01   7.7669534E+09   3.8240000E+03
   7.3565001E+00   1.2625600E+01   2.1757980E+10   5.0766668E+01   9.1559738E+09   3.8250000E+03
   6.6799998E+00   1.3260700E+01   2.3548315E+10   5.3381666E+01   1.0982946E+10   3.8260000E+03
   7.0324998E+00   1.4853600E+01   2.2515208E+10   6.0436250E+01   1.1610505E+10   3.8270000E+03
   7.0419998E+00   1.5595800E+01   1.7876025E+10   6.4140000E+01   9.9128744E+09   3.8280000E+03
   1.2330500E+01   1.6438400E+01   1.3709898E+10   6.7847918E+01   7.3196814E+09   3.8290000E+03
   1.5334000E+01   1.8177200E+01   1.2483546E+10   7.4491667E+01   5.1387439E+09   3.8300000E+03
   1.6176500E+01   1.9450500E+01   1.2134564E+10   7.9292498E+01   4.3395813E+09   3.8310000E+03
   1.8669001E+01   1.9516300E+01   1.2398588E+10   7.9957920E+01   4.3093887E+09   3.8320000E+03
   1.7417500E+01   1.9459999E+01   1.2217064E+10   8.0720000E+01   4.2160297E+09   3.8330000E+03
   1.6288500E+01   1.9226000E+01   1.1739666E+10   8.0104168E+01   4.1576198E+09   3.8340000E+03
   1.6004499E+01   1.8858101E+01   1.2121773E+10   7.8575420E+01   4.4388701E+09   3.8350000E+03
   1.5744500E+01   1.8426100E+01   1.2202686E+10   7.6563748E+01   4.8689761E+09   3.8360000E+03
   1.4481500E+01   1.8133801E+01   1.1730200E+10   7.3161252E+01   4.8566670E+09   3.8370000E+03
   1.2423000E+01   1.7483801E+01   1.2302898E+10   6.9486252E+01   4.7946858E+09   3.8380000E+03
   1.2111000E+01   1.6684000E+01   1.4449974E+10   6.6780001E+01   4.7145278E+09   3.8390000E+03
   1.2873000E+01   1.5467600E+01   1.6093354E+10   6.3775415E+01   4.5608238E+09   3.8400000E+03
   1.2764000E+01   1.4837200E+01   1.6237836E+10   6.1821251E+01   4.4718003E+09   3.8410000E+03
   1.2264000E+01   1.4098200E+01   1.5564899E+10   5.8705833E+01   4.4084734E+09   3.8420000E+03
   9.1204996E+00   1.3170500E+01   1.5824797E+10   5.2425834E+01   4.5745130E+09   3.8430000E+03
   9.3085003E+00   1.3528900E+01   1.8113248E+10   5.2575833E+01   4.9152452E+09   3.8440000E+03
   1.0686500E+01   1.3929400E+01   1.8533497E+10   5.4876668E+01   5.4136821E+09   3.8450000E+03
   8.2849998E+00   1.3719000E+01   1.7651531E+10   5.6409582E+01   5.7917672E+09   3.8460000E+03
   7.0784998E+00   1.4079500E+01   1.7728861E+10   5.8649582E+01   6.2076248E+09   3.8470000E+03
   1.1049000E+01   1.5505100E+01   1.8184987E+10   6.4473749E+01   6.4931834E+09   3.8480000E+03
   1.7000000E+01   1.6708900E+01   1.5962538E+10   6.7846668E+01   5.7915692E+09   3.8490000E+03
   1.8179501E+01   1.7856899E+01   1.2817775E+10   7.0732085E+01   4.3106930E+09   3.8500000E+03
   1.7367500E+01   1.8721901E+01   1.2369818E+10   7.3242087E+01   3.7105962E+09   3.8510000E+03
   1.7799000E+01   1.8973900E+01   1.3806766E+10   7.4562920E+01   3.4372713E+09   3.8520000E+03
   1.8145500E+01   1.8631599E+01   1.4737748E+10   7.3536664E+01   3.2780077E+09   3.8530000E+03
   1.8529499E+01   1.7929100E+01   1.4611449E+10   7.1011251E+01   3.1304892E+09   3.8540000E+03
   1.8556999E+01   1.7213200E+01   1.4143587E+10   6.9154996E+01   3.2788086E+09   3.8550000E+03
   1.7118000E+01   1.7012100E+01   1.4420140E+10   7.0586667E+01   3.9649204E+09   3.8560000E+03
   1.3328000E+01   1.6723301E+01   1.6226371E+10   6.9662081E+01   4.5707295E+09   3.8570000E+03
   1.2326500E+01   1.6158899E+01   1.7607673E+10   6.6373750E+01   5.0623146E+09   3.8580000E+03
   1.2197500E+01   1.5962000E+01   1.5687853E+10   6.3449999E+01   4.9866337E+09   3.8590000E+03
   1.3876000E+01   1.6005199E+01   1.4381006E+10   6.2540833E+01   4.8959981E+09   3.8600000E+03
   1.2010500E+01   1.5765400E+01   1.5004460E+10   6.2217502E+01   4.8285199E+09   3.8610000E+03
   1.0475500E+01   1.4427000E+01   1.6806149E+10   5.9092082E+01   4.8715345E+09   3.8620000E+03
   1.0013000E+01   1.3151700E+01   1.8931777E+10   5.4779998E+01   5.0590652E+09   3.8630000E+03
   1.3578500E+01   1.2753500E+01   1.5882883E+10   5.3118749E+01   5.3291167E+09   3.8650000E+03
   1.6444500E+01   1.1996700E+01   1.5751446E+10   4.9027500E+01   5.4278269E+09   3.8660000E+03
   1.5007500E+01   1.2461300E+01   1.7202830E+10   4.6879584E+01   5.5397120E+09   3.8670000E+03
   1.0917000E+01   1.3522300E+01   1.8052358E+10   4.6189167E+01   5.4909971E+09   3.8680000E+03
   7.0964999E+00   1.4377800E+01   1.8366196E+10   4.4438752E+01   5.5065850E+09   3.8690000E+03
   8.5150003E+00   1.4752600E+01   1.8329630E+10   4.1349584E+01   5.6860308E+09   3.8700000E+03
   8.8284998E+00   1.5976500E+01   1.8365784E+10   4.1146666E+01   5.9944395E+09   3.8710000E+03
   1.6036501E+01   1.7165100E+01   1.7412102E+10   4.1028751E+01   6.2090152E+09   3.8720000E+03
   1.7084000E+01   1.8854700E+01   1.6208381E+10   3.8656667E+01   6.2675303E+09   3.8730000E+03
   2.0530001E+01   2.1064100E+01   1.4807913E+10   3.5202500E+01   6.6609257E+09   3.8740000E+03
   1.5978500E+01   2.2821501E+01   1.4484727E+10   3.1115417E+01   7.0530632E+09   3.8750000E+03
   1.2548500E+01   2.3889200E+01   1.4633984E+10   2.6617917E+01   7.3326605E+09   3.8760000E+03
   1.8966999E+01   2.4730600E+01   1.5963454E+10   2.2125834E+01   7.5909202E+09   3.8770000E+03
   2.7029499E+01   2.5240700E+01   1.4807925E+10   1.9205001E+01   7.8222122E+09   3.8780000E+03
   3.0712999E+01   2.5574100E+01   1.3419763E+10   1.6822083E+01   7.6484169E+09   3.8790000E+03
   3.1552500E+01   2.6091801E+01   1.1974118E+10   1.5397083E+01   6.9543827E+09   3.8800000E+03
   2.8007500E+01   2.6579599E+01   1.1796870E+10   1.4629167E+01   6.6969155E+09   3.8810000E+03
   2.2062000E+01   2.7138300E+01   1.2601731E+10   1.4263333E+01   6.4684360E+09   3.8820000E+03
   2.3097000E+01   2.7586100E+01   1.3420558E+10   1.3843333E+01   6.2391612E+09   3.8830000E+03
   2.6686501E+01   2.7881800E+01   1.3475720E+10   1.3279167E+01   6.2054963E+09   3.8840000E+03
   3.1582500E+01   2.8233299E+01   1.2935888E+10   1.2493333E+01   6.0514205E+09   3.8850000E+03
   3.2345001E+01   2.8281700E+01   1.2303000E+10   1.1990000E+01   5.5954897E+09   3.8860000E+03
   3.1915001E+01   2.8070400E+01   1.2096708E+10   1.2344167E+01   5.6052022E+09   3.8870000E+03
   3.1961000E+01   2.6566200E+01   1.1927106E+10   1.4381667E+01   5.6579283E+09   3.8880000E+03
   2.9674000E+01   2.5872000E+01   1.2158360E+10   1.5940833E+01   5.7166275E+09   3.8890000E+03
   3.0275999E+01   2.5855801E+01   1.2707554E+10   1.6875417E+01   5.9885970E+09   3.8900000E+03
   2.8556999E+01   2.6050900E+01   1.2633982E+10   1.5207917E+01   6.1474317E+09   3.8910000E+03
   2.0145500E+01   2.6134701E+01   1.3313331E+10   1.3738750E+01   6.2129741E+09   3.8920000E+03
   2.3347000E+01   2.6521400E+01   1.4123318E+10   1.3171250E+01   6.2261771E+09   3.8930000E+03
   3.2197498E+01   2.7316000E+01   1.3504394E+10   1.1968333E+01   6.1547692E+09   3.8940000E+03
   3.2140499E+01   2.8112301E+01   1.1766636E+10   9.9549996E+00   5.8628831E+09   3.8950000E+03
   3.1076000E+01   2.8528700E+01   1.1405395E+10   8.5674996E+00   5.9463022E+09   3.8960000E+03
   2.8007500E+01   2.8454300E+01   1.2506946E+10   8.3220833E+00   6.1315971E+09   3.8970000E+03
   3.0121000E+01   2.8516300E+01   1.2990154E+10   8.3312500E+00   6.1145021E+09   3.8980000E+03
   3.2344002E+01   2.8799500E+01   1.2821503E+10   8.5062500E+00   6.0831336E+09   3.8990000E+03
   3.0966000E+01   2.8638100E+01   1.2505916E+10   8.2820835E+00   6.1384957E+09   3.9000000E+03
   3.0451000E+01   2.8436899E+01   1.2675782E+10   7.8883335E+00   6.1531648E+09   3.9010000E+03
   2.9816999E+01   2.8809799E+01   1.2856296E+10   8.5133333E+00   6.2160786E+09   3.9020000E+03
   2.8537500E+01   2.9547001E+01   1.3069503E+10   1.0625000E+01   6.2411757E+09   3.9030000E+03
   3.0641001E+01   2.9689400E+01   1.3078819E+10   1.1038750E+01   6.2048359E+09   3.9040000E+03
   3.1214500E+01   2.9337700E+01   1.2621285E+10   9.3137505E+00   6.1636244E+09   3.9050000E+03
   3.1243999E+01   2.9437099E+01   1.2285686E+10   9.4054165E+00   6.1674948E+09   3.9060000E+03
   3.1191000E+01   3.0081200E+01   1.2346941E+10   1.1661250E+01   6.0835056E+09   3.9070000E+03
   3.1567499E+01   3.0123199E+01   1.2826691E+10   1.1228333E+01   6.0323532E+09   3.9080000E+03
   3.0779499E+01   2.9611500E+01   1.3249645E+10   8.7816667E+00   6.0091810E+09   3.9090000E+03
   3.1059999E+01   2.9670099E+01   1.3424500E+10   9.5641668E+00   6.0248098E+09   3.9100000E+03
   3.0826000E+01   2.9804800E+01   1.3467475E+10   1.1643750E+01   5.9937830E+09   3.9110000E+03
   3.0596500E+01   2.8755600E+01   1.3171899E+10   9.5170833E+00   5.9447476E+09   3.9120000E+03
   3.0931000E+01   2.8405600E+01   1.2584350E+10   8.8329168E+00   5.9011815E+09   3.9130000E+03
   3.1638000E+01   2.8944700E+01   1.2032479E+10   1.0811250E+01   5.8600612E+09   3.9140000E+03
   3.1511999E+01   2.8990101E+01   1.1748786E+10   1.3602500E+01   5.9755409E+09   3.9150000E+03
   3.0739000E+01   2.7378300E+01   1.1770502E+10   1.5164167E+01   6.0161935E+09   3.9160000E+03
   3.0760000E+01   2.4834900E+01   1.2140296E+10   1.9366667E+01   6.0532191E+09   3.9170000E+03
   3.1445999E+01   2.1185101E+01   1.2227072E+10   2.4612918E+01   5.9926848E+09   3.9180000E+03
   3.1446501E+01   1.8898600E+01   1.1930171E+10   2.9965833E+01   5.8799179E+09   3.9190000E+03
   2.7175501E+01   1.6799900E+01   1.2450937E+10   3.7469999E+01   6.2104120E+09   3.9200000E+03
   1.5702500E+01   1.4730800E+01   1.2687023E+10   4.6390834E+01   5.6977992E+09   3.9210000E+03
   1.1994500E+01   1.4644900E+01   1.2493598E+10   5.4194999E+01   4.9708146E+09   3.9220000E+03
   7.2529998E+00   1.5084600E+01   1.2712491E+10   6.0699165E+01   4.6180630E+09   3.9230000E+03
   6.8245001E+00   1.4453400E+01   1.5998440E+10   6.0172916E+01   4.8908147E+09   3.9240000E+03
   1.2071000E+01   1.4852900E+01   1.3502544E+10   6.1887501E+01   5.1777907E+09   3.9250000E+03
   1.5173000E+01   1.5973200E+01   1.0541979E+10   6.6554584E+01   4.2317125E+09   3.9260000E+03
   1.2032000E+01   1.6471600E+01   1.0932298E+10   6.8631667E+01   4.0498097E+09   3.9270000E+03
   6.6149998E+00   1.6084700E+01   1.5070768E+10   6.7017082E+01   3.2929006E+09   3.9280000E+03
   8.9029999E+00   1.5563300E+01   2.0486729E+10   6.4847084E+01   2.6461337E+09   3.9290000E+03
   1.0539000E+01   1.5535900E+01   1.9814547E+10   6.4483752E+01   2.5825796E+09   3.9300000E+03
   1.0432500E+01   1.6021700E+01   1.7547920E+10   6.4578333E+01   2.5825796E+09   3.9310000E+03
   1.2611500E+01   1.7321100E+01   1.4583048E+10   6.6234582E+01   2.5825796E+09   3.9320000E+03
   1.3146000E+01   1.7119699E+01   1.3406042E+10   6.5303333E+01   2.5825796E+09   3.9330000E+03
   1.0064000E+01   1.5056700E+01   1.4853941E+10   6.1383751E+01   2.5923172E+09   3.9340000E+03
   1.0839000E+01   1.4313200E+01   1.7012707E+10   5.9638333E+01   2.5979713E+09   3.9350000E+03
   1.0909500E+01   1.4486900E+01   1.8245567E+10   6.0318334E+01   2.2848959E+09   3.9360000E+03
   1.0839000E+01   1.5624000E+01   1.6380562E+10   6.3392501E+01   1.9869043E+09   3.9370000E+03
   1.0178500E+01   1.6228800E+01   1.5938321E+10   6.4082918E+01   1.9920358E+09   3.9380000E+03
   1.0266000E+01   1.5540900E+01   1.6169539E+10   6.1999583E+01   2.0783379E+09   3.9390000E+03
   6.1224999E+00   1.4743500E+01   1.6764950E+10   6.1012499E+01   2.3423668E+09   3.9400000E+03
   6.3045001E+00   1.5164400E+01   1.8681154E+10   6.3185000E+01   2.5580366E+09   3.9410000E+03
   1.1546500E+01   1.5781900E+01   1.8862499E+10   6.5711252E+01   2.5580366E+09   3.9420000E+03
   1.0388500E+01   1.6528200E+01   1.6534050E+10   6.6674582E+01   2.5580366E+09   3.9430000E+03
   9.9809999E+00   1.7274700E+01   1.3989401E+10   6.5805415E+01   2.5354889E+09   3.9440000E+03
   1.1026000E+01   1.6474001E+01   1.2821551E+10   6.1147916E+01   2.5532223E+09   3.9450000E+03
   1.0918500E+01   1.4621700E+01   1.5886332E+10   5.6802502E+01   2.3920937E+09   3.9460000E+03
   1.0676500E+01   1.4017900E+01   1.5906487E+10   5.5994168E+01   2.3383220E+09   3.9470000E+03
   1.0915500E+01   1.4330900E+01   1.6085255E+10   5.5452500E+01   2.3436860E+09   3.9480000E+03
   4.4035001E+00   1.3386100E+01   2.6491037E+10   5.1044585E+01   2.3424514E+09   3.9490000E+03
   4.2100000E-01   1.1526600E+01   3.8326626E+10   4.4556251E+01   2.4075300E+09   3.9500000E+03
   4.7560000E+00   1.0255800E+01   3.3635659E+10   4.0767917E+01   2.4075300E+09   3.9510000E+03
   6.9854999E+00   9.6026001E+00   3.3232121E+10   3.9949584E+01   2.4075300E+09   3.9520000E+03
   1.0665000E+01   9.1800003E+00   2.3115680E+10   3.8250416E+01   2.4075300E+09   3.9530000E+03
   6.5460000E+00   8.1674995E+00   2.1741916E+10   3.3420834E+01   2.4603828E+09   3.9540000E+03
   1.4075000E+00   8.8023996E+00   2.8802698E+10   3.2332918E+01   2.4510726E+09   3.9550000E+03
   1.4505000E+00   9.6639996E+00   3.4430793E+10   3.6728332E+01   2.4510726E+09   3.9560000E+03
  -1.7700000E-01   9.7965002E+00   5.2452190E+10   4.0402082E+01   2.4510726E+09   3.9570000E+03
   2.1050000E-01   1.0474700E+01   5.4562974E+10   4.3543333E+01   2.4510726E+09   3.9580000E+03
   3.0755000E+00   1.1084700E+01   5.0519640E+10   4.4727918E+01   2.3748968E+09   3.9590000E+03
   8.7849998E+00   1.1133100E+01   3.3097259E+10   4.3440834E+01   2.3802572E+09   3.9600000E+03
   7.8940001E+00   1.0873600E+01   2.6534825E+10   4.0957082E+01   2.3802572E+09   3.9610000E+03
   1.2464500E+01   1.0954300E+01   2.0712295E+10   3.6707083E+01   2.3802572E+09   3.9620000E+03
   1.0026000E+01   1.1373700E+01   1.9873070E+10   3.0459584E+01   2.3802572E+09   3.9630000E+03
   4.2135000E+00   1.1254900E+01   2.5214188E+10   2.5675000E+01   2.4036743E+09   3.9640000E+03
   1.7530000E+00   1.1588000E+01   3.4629576E+10   2.4687083E+01   2.4036743E+09   3.9650000E+03
   1.6885000E+00   1.2175800E+01   4.3923980E+10   2.6280000E+01   2.4036743E+09   3.9660000E+03
   6.1275001E+00   1.2512900E+01   4.2020953E+10   2.9574999E+01   2.4036743E+09   3.9670000E+03
   1.2257500E+01   1.3492800E+01   3.6646213E+10   3.8459583E+01   2.4036743E+09   3.9680000E+03
   1.2907000E+01   1.4286600E+01   3.2224706E+10   4.6177081E+01   2.3067148E+09   3.9690000E+03
   1.2137500E+01   1.4914200E+01   2.7352791E+10   5.0997083E+01   2.3154609E+09   3.9700000E+03
   1.1014500E+01   1.5022700E+01   2.0520948E+10   5.2996249E+01   3.7431414E+09   3.9710000E+03
   1.1625500E+01   1.5480000E+01   1.2727642E+10   5.5724999E+01   6.0736990E+09   3.9720000E+03
   1.1121500E+01   1.7405899E+01   1.2475518E+10   6.3364168E+01   5.2856337E+09   3.9730000E+03
   1.3296500E+01   1.8334400E+01   1.2296558E+10   6.4412498E+01   5.3453149E+09   3.9740000E+03
   1.0397000E+01   1.7869499E+01   1.3222809E+10   6.0382918E+01   5.3453149E+09   3.9750000E+03
   6.4780002E+00   1.7411600E+01   1.6480951E+10   5.8627082E+01   5.3453149E+09   3.9760000E+03
   7.2340002E+00   1.8170099E+01   1.9639068E+10   6.2558752E+01   5.3453149E+09   3.9770000E+03
   1.5904500E+01   1.8371300E+01   1.1450113E+10   6.3197083E+01   5.1679891E+09   3.9780000E+03
   1.7315500E+01   1.8180099E+01   1.1442927E+10   6.3981249E+01   5.1568259E+09   3.9790000E+03
   1.1155500E+01   1.8521099E+01   6.7780674E+09   6.7110416E+01   9.8024241E+09   3.9800000E+03
   1.2364000E+01   1.8372900E+01   8.1484922E+09   6.7011249E+01   9.8024241E+09   3.9810000E+03
