   2.6748694E+00   5.5428053E+06   9.4900831E+01   2.1562500E-01   2.3223400E-01   9.8430002E-01   2.4239320E+03   9.0618704E+02   1.8777808E+09   3.1910000E+03
   2.6218244E+00   5.4492804E+06   9.4985835E+01   2.2179501E-01   2.3221600E-01   1.8305000E+00   2.3758633E+03   9.0618704E+02   1.8834470E+09   3.1960000E+03
   2.6382351E+00   5.4903216E+06   9.7183752E+01   2.2096001E-01   2.3678600E-01   1.4982001E+00   2.3907344E+03   9.0618704E+02   1.8858283E+09   3.1970000E+03
   2.6366055E+00   5.4869304E+06   9.9422916E+01   2.2240000E-01   2.4157900E-01   1.2271000E+00   2.3892578E+03   9.0618704E+02   1.8858283E+09   3.1980000E+03
   2.5847964E+00   5.3980853E+06   9.8291246E+01   1.9877501E-01   2.3763800E-01   7.3150003E-01   2.3423090E+03   9.0618704E+02   1.8924798E+09   3.2010000E+03
   2.2476574E+00   5.5397527E+06   8.6913750E+01   1.8096500E-01   2.1280100E-01   0.0000000E+00   2.4324900E+03   1.0822334E+03   2.6673573E+09   3.2100000E+03
   2.2893627E+00   9.3147514E+06   6.7643748E+01   1.0179000E-01   1.6565300E-01   0.0000000E+00   3.7435703E+03   1.6352019E+03   6.6531611E+09   3.2150000E+03
   2.2955567E+00   8.7026023E+06   6.3188752E+01   9.4230003E-02   1.5172900E-01   0.0000000E+00   3.4820159E+03   1.5168503E+03   5.7504765E+09   3.2170000E+03
   2.2496087E+00   8.5284105E+06   6.1614585E+01   8.2945004E-02   1.4787600E-01   0.0000000E+00   3.4123196E+03   1.5168503E+03   5.7504765E+09   3.2180000E+03
   2.2520080E+00   8.5104603E+06   6.1241665E+01   6.9510002E-02   1.4706200E-01   0.0000000E+00   3.4051375E+03   1.5120450E+03   5.7141000E+09   3.2190000E+03
   2.2637044E+00   8.3916341E+06   6.2625002E+01   9.3175001E-02   1.5038000E-01   0.0000000E+00   3.3575938E+03   1.4832297E+03   5.4983862E+09   3.2200000E+03
   2.0518126E+00   7.5374888E+06   6.3528334E+01   1.0931500E-01   1.5246700E-01   0.0000000E+00   3.0301463E+03   1.4768143E+03   5.4251890E+09   3.2230000E+03
   2.0154312E+00   8.6079179E+06   6.3792501E+01   7.0075002E-02   1.5321400E-01   0.0000000E+00   3.4470278E+03   1.7103178E+03   7.3047769E+09   3.2250000E+03
   1.8679272E+00   1.1114462E+07   6.3061249E+01   6.4670000E-02   1.5669300E-01   3.0815001E+00   4.4162838E+03   2.3642698E+03   1.4067779E+10   3.2280000E+03
   1.7901679E+00   1.0651782E+07   6.6265001E+01   1.1525500E-01   1.6696100E-01   2.9646001E+00   4.2324400E+03   2.3642698E+03   1.4067779E+10   3.2290000E+03
   1.5962970E+00   5.9348867E+06   8.1460002E+01   1.5553000E-01   2.1801201E-01   3.3677001E+00   2.5551671E+03   1.6006840E+03   5.9511972E+09   3.2320000E+03
   1.6675944E+00   5.3590353E+06   8.1378753E+01   2.5639500E-01   2.4291300E-01   5.2600002E+00   2.3615368E+03   1.4161338E+03   4.5509334E+09   3.2390000E+03
   1.9439551E+00   6.2716270E+06   6.6796251E+01   1.4491500E-01   1.7924200E-01   2.1849000E+00   2.6484911E+03   1.3624240E+03   4.3954796E+09   3.2440000E+03
   2.1718074E+00   8.3185845E+06   6.0820834E+01   1.3227500E-01   1.5611900E-01   0.0000000E+00   3.3750901E+03   1.5540467E+03   5.9524011E+09   3.2460000E+03
   2.0549216E+00   8.0622425E+06   6.0238332E+01   1.0498500E-01   1.5258000E-01   0.0000000E+00   3.2710847E+03   1.5918295E+03   6.2453551E+09   3.2470000E+03
   1.9863264E+00   7.7648325E+06   5.8732917E+01   1.1252000E-01   1.4754900E-01   0.0000000E+00   3.1504169E+03   1.5860520E+03   6.2001027E+09   3.2480000E+03
   2.1238193E+00   6.8566054E+06   5.5930001E+01   1.2430000E-01   1.3842700E-01   0.0000000E+00   2.8113516E+03   1.3237245E+03   4.2735539E+09   3.2540000E+03
   2.1128647E+00   7.1402006E+06   5.6404167E+01   1.1201500E-01   1.4196800E-01   0.0000000E+00   2.9655690E+03   1.4035773E+03   4.7432397E+09   3.2550000E+03
   2.2073949E+00   7.3546095E+06   5.6083751E+01   1.4012500E-01   1.4598400E-01   0.0000000E+00   3.1358929E+03   1.4206307E+03   4.7332645E+09   3.2560000E+03
   2.1775678E+00   7.9203581E+06   4.3405417E+01   1.5696000E-01   1.6520500E-01   3.5070000E+00   3.3362923E+03   1.5321187E+03   5.5726985E+09   3.2600000E+03
   1.7686901E+00   7.1145810E+06   4.3733751E+01   1.1803000E-01   1.5636200E-01   4.9885001E+00   2.9790557E+03   1.6843288E+03   6.7752361E+09   3.2630000E+03
   1.8566904E+00   6.3833387E+06   5.4368333E+01   1.3839500E-01   1.4361000E-01   1.2510000E-01   2.6728660E+03   1.4395863E+03   4.9493266E+09   3.2660000E+03
   1.8923968E+00   6.7234532E+06   5.8465415E+01   1.3084000E-01   1.4708700E-01   0.0000000E+00   2.8152806E+03   1.4876798E+03   5.2855433E+09   3.2670000E+03
   1.9667626E+00   6.8271917E+06   6.1375833E+01   1.6125500E-01   1.5247500E-01   0.0000000E+00   2.8587185E+03   1.4535148E+03   5.0455625E+09   3.2680000E+03
   2.2096078E+00   5.7097373E+06   5.8511668E+01   1.9703501E-01   1.4539400E-01   0.0000000E+00   2.3967332E+03   1.0846871E+03   2.8028859E+09   3.2710000E+03
   2.0333114E+00   5.2728903E+06   5.7989583E+01   1.1919000E-01   1.4458300E-01   0.0000000E+00   2.2133613E+03   1.0885501E+03   2.8228854E+09   3.2720000E+03
   2.6251850E+00   7.8747307E+06   5.4265416E+01   9.7170000E-02   1.3181500E-01   0.0000000E+00   3.3055161E+03   1.2591555E+03   3.7770712E+09   3.2740000E+03
   2.1249363E+00   8.2137616E+06   5.2875415E+01   6.2280002E-02   1.2704300E-01   0.0000000E+00   3.2690288E+03   1.5384126E+03   5.9466041E+09   3.2760000E+03
   1.8279562E+00   8.1751494E+06   5.3703332E+01   9.2440004E-02   1.3321500E-01   0.0000000E+00   3.2788471E+03   1.7937230E+03   8.0220485E+09   3.2800000E+03
   1.7431816E+00   8.2056790E+06   5.2036667E+01   7.7690001E-02   1.3334400E-01   0.0000000E+00   3.2942627E+03   1.8897989E+03   8.8958507E+09   3.2810000E+03
   1.6871337E+00   8.1080035E+06   4.6372500E+01   1.0180500E-01   1.6194700E-01   3.3727000E+00   3.3513840E+03   1.9864365E+03   9.5463885E+09   3.2850000E+03
   1.7381280E+00   7.6177959E+06   3.2756251E+01   1.8191000E-01   1.9695801E-01   6.6542001E+00   3.1487602E+03   1.8115814E+03   7.9397243E+09   3.2880000E+03
   1.6736695E+00   5.5032582E+06   2.5805416E+01   2.2809500E-01   2.2737200E-01   1.0555900E+01   2.4365794E+03   1.4558307E+03   4.7869739E+09   3.2910000E+03
   1.8057172E+00   5.7776490E+06   2.6693751E+01   2.4453501E-01   2.3521200E-01   1.0633000E+01   2.5516269E+03   1.4130822E+03   4.5213576E+09   3.2940000E+03
   1.8010495E+00   6.2478147E+06   2.6338334E+01   2.3104000E-01   2.2663601E-01   1.0128100E+01   2.7535542E+03   1.5288610E+03   5.3035967E+09   3.2970000E+03
   1.7945090E+00   6.3229172E+06   2.5662500E+01   2.1627001E-01   2.2670300E-01   1.1312300E+01   2.7866536E+03   1.5528781E+03   5.4715356E+09   3.2980000E+03
   1.8749208E+00   6.6041815E+06   2.4364584E+01   2.2891500E-01   2.2761801E-01   1.2122000E+01   2.8964436E+03   1.5448352E+03   5.4414950E+09   3.3010000E+03
   1.8339358E+00   6.4097111E+06   2.7480000E+01   2.4984501E-01   2.4239000E-01   1.6056000E+01   2.8667254E+03   1.5631547E+03   5.4633156E+09   3.3050000E+03
   1.8815725E+00   6.5537986E+06   3.8365833E+01   3.0407000E-01   2.8567900E-01   1.5102700E+01   3.0420527E+03   1.6167608E+03   5.6314201E+09   3.3190000E+03
   1.8633364E+00   6.6080254E+06   3.2222082E+01   2.9211000E-01   2.6481701E-01   1.3526900E+01   3.0523466E+03   1.6381082E+03   5.8092893E+09   3.3220000E+03
   1.8278400E+00   6.5695778E+06   2.8102916E+01   2.9038500E-01   2.6179300E-01   1.4575600E+01   3.0345871E+03   1.6602039E+03   5.9670644E+09   3.3230000E+03
   1.7972538E+00   6.9219413E+06   1.9403751E+01   2.4617001E-01   2.7277300E-01   1.7719801E+01   3.1573877E+03   1.7567845E+03   6.7660780E+09   3.3250000E+03
   1.8375131E+00   6.8410620E+06   2.1481666E+01   3.1173500E-01   2.9046400E-01   1.8337900E+01   3.1204952E+03   1.6982166E+03   6.3224610E+09   3.3280000E+03
   1.7770584E+00   6.1367794E+06   4.1280833E+01   3.0893000E-01   2.7121300E-01   1.0985300E+01   2.8758515E+03   1.6183214E+03   5.5886072E+09   3.3310000E+03
   1.8163444E+00   6.7038308E+06   5.0011667E+01   1.8513500E-01   1.8229500E-01   2.7520001E+00   2.8573143E+03   1.5731126E+03   5.8061018E+09   3.3350000E+03
   2.1284573E+00   7.6793316E+06   2.4618751E+01   2.0541000E-01   1.9012501E-01   1.3689600E+01   3.3952301E+03   1.5951601E+03   5.7552308E+09   3.3390000E+03
   1.8455027E+00   7.0208619E+06   1.9877917E+01   2.5568501E-01   2.1976601E-01   1.6291300E+01   3.1041037E+03   1.6819827E+03   6.3987811E+09   3.3410000E+03
   1.8121115E+00   6.9591472E+06   1.8180834E+01   2.8436001E-01   2.1966400E-01   1.5166000E+01   3.0595037E+03   1.6883639E+03   6.4839127E+09   3.3430000E+03
   1.7783070E+00   5.5691897E+06   8.3183333E+00   3.4283501E-01   3.1830200E-01   2.4560801E+01   2.6710741E+03   1.5020321E+03   4.7039693E+09   3.3560000E+03
   1.7561292E+00   5.5937190E+06   8.7816666E+00   3.4431000E-01   3.2181900E-01   2.3611500E+01   2.6828388E+03   1.5277001E+03   4.8661142E+09   3.3570000E+03
   1.8009139E+00   5.6262246E+06   1.0435416E+01   3.4811001E-01   3.2512600E-01   2.3163500E+01   2.6692402E+03   1.4821587E+03   4.6304032E+09   3.3600000E+03
   1.7586949E+00   5.9334684E+06   2.1282917E+01   2.8937000E-01   2.4719801E-01   1.9403900E+01   2.6502895E+03   1.5069638E+03   5.0841801E+09   3.3640000E+03
   2.2092415E+00   6.9236359E+06   5.9422501E+01   1.6667500E-01   1.4791900E-01   4.3600000E-02   2.8883384E+03   1.3073892E+03   4.0972825E+09   3.3690000E+03
   2.1218409E+00   7.4179491E+06   5.5023750E+01   1.1435000E-01   1.3205700E-01   0.0000000E+00   3.0945514E+03   1.4584276E+03   5.0986583E+09   3.3730000E+03
   2.1071836E+00   7.5426289E+06   5.3654583E+01   1.2267500E-01   1.2877100E-01   0.0000000E+00   3.0966987E+03   1.4695913E+03   5.2603778E+09   3.3740000E+03
   2.0873129E+00   7.4017121E+06   5.2865834E+01   1.2933000E-01   1.2687800E-01   0.0000000E+00   3.0388440E+03   1.4558641E+03   5.1625642E+09   3.3750000E+03
   2.0940277E+00   7.2705824E+06   5.0822083E+01   1.4732500E-01   1.2197300E-01   0.0000000E+00   2.9850074E+03   1.4254861E+03   4.9493684E+09   3.3770000E+03
   2.0547923E+00   7.5074729E+06   5.3142501E+01   1.3844000E-01   1.2754300E-01   0.0000000E+00   3.0373723E+03   1.4781895E+03   5.4007733E+09   3.3790000E+03
   1.9261110E+00   8.7685151E+06   5.0972500E+01   7.5605001E-02   1.2433200E-01   0.0000000E+00   3.5475645E+03   1.8418277E+03   8.3848201E+09   3.3820000E+03
   1.8688683E+00   8.7222937E+06   5.1701665E+01   7.5475001E-02   1.2621200E-01   0.0000000E+00   3.5288643E+03   1.8882360E+03   8.8126859E+09   3.3830000E+03
   1.7415592E+00   8.1280047E+06   5.4618334E+01   7.8315001E-02   1.3330900E-01   0.0000000E+00   3.2570645E+03   1.8702002E+03   8.7283830E+09   3.3850000E+03
   1.7634192E+00   8.2227164E+06   5.4359585E+01   1.0865500E-01   1.3494800E-01   0.0000000E+00   3.2950175E+03   1.8685390E+03   8.7128834E+09   3.3860000E+03
   1.7953852E+00   7.9816071E+06   5.0935415E+01   1.3663000E-01   1.4052000E-01   0.0000000E+00   3.3242845E+03   1.8515718E+03   8.2313916E+09   3.3880000E+03
   1.7722270E+00   6.2789653E+06   2.8292500E+01   2.8919500E-01   2.7309200E-01   1.6571000E+00   2.8575822E+03   1.6124245E+03   5.7127883E+09   3.3960000E+03
   1.7905345E+00   6.2803559E+06   2.1862084E+01   2.7648001E-01   2.9015400E-01   1.6374000E+00   2.8778608E+03   1.6072635E+03   5.6375269E+09   3.4000000E+03
   1.9418031E+00   6.2757869E+06   1.8675418E+01   2.7079000E-01   2.9209200E-01   2.6070001E+00   2.8506868E+03   1.4680617E+03   4.7446842E+09   3.4230000E+03
   1.9462786E+00   6.2988033E+06   1.7736250E+01   3.0881001E-01   2.8880400E-01   3.4181001E+00   2.8611417E+03   1.4700577E+03   4.7575944E+09   3.4240000E+03
   1.9059267E+00   6.2067140E+06   1.8316249E+01   2.4868500E-01   2.7403900E-01   4.5587001E+00   2.8193115E+03   1.4792340E+03   4.8171749E+09   3.4260000E+03
   1.8768018E+00   7.0863908E+06   1.9375000E+01   2.4701500E-01   2.5151600E-01   5.0492001E+00   3.1205208E+03   1.6626800E+03   6.2779140E+09   3.4300000E+03
   1.9011007E+00   7.0066023E+06   1.9374166E+01   2.6693001E-01   2.5050501E-01   4.4868002E+00   3.0853856E+03   1.6229470E+03   5.9814529E+09   3.4310000E+03
   1.8803223E+00   6.1768452E+06   1.9125833E+01   3.0912001E-01   2.5130501E-01   3.6988001E+00   2.8400593E+03   1.5104109E+03   4.9616888E+09   3.4320000E+03
   1.8539625E+00   5.9273368E+06   2.4130833E+01   2.7839500E-01   2.5729601E-01   2.8475001E+00   2.7034602E+03   1.4582065E+03   4.6620580E+09   3.4350000E+03
   2.0817419E+00   6.3933724E+06   3.1454583E+01   2.6595501E-01   2.3138300E-01   1.3579000E+00   2.8251756E+03   1.3571210E+03   4.1679422E+09   3.4390000E+03
   2.0813789E+00   5.9671227E+06   3.5290416E+01   1.6841000E-01   2.0215500E-01   1.7839000E+00   2.6368195E+03   1.2668619E+03   3.6319771E+09   3.4410000E+03
   2.1773260E+00   8.5014471E+06   5.1120832E+01   1.4479500E-01   1.2328400E-01   0.0000000E+00   3.4275883E+03   1.5742192E+03   6.1465952E+09   3.4460000E+03
   1.9339001E+00   6.8847027E+06   5.4755418E+01   1.6572001E-01   1.3145300E-01   0.0000000E+00   2.7757541E+03   1.4353141E+03   5.1097319E+09   3.4470000E+03
   2.0014771E+00   6.3867838E+06   5.6166250E+01   1.7280001E-01   1.3631700E-01   0.0000000E+00   2.6943908E+03   1.3462011E+03   4.2957751E+09   3.4480000E+03
   2.1761027E+00   6.8328877E+06   5.8635834E+01   1.5658000E-01   1.4416000E-01   0.0000000E+00   2.8825885E+03   1.3246564E+03   4.1593756E+09   3.4500000E+03
   2.1192288E+00   6.8201671E+06   5.7853334E+01   1.7721500E-01   1.3897000E-01   0.0000000E+00   2.8449369E+03   1.3424397E+03   4.3202808E+09   3.4520000E+03
   2.1355870E+00   6.9315027E+06   5.5224167E+01   1.5041500E-01   1.3253800E-01   0.0000000E+00   2.8898117E+03   1.3531698E+03   4.3920008E+09   3.4530000E+03
   2.1514724E+00   6.9288093E+06   5.5769585E+01   1.5342000E-01   1.3416500E-01   0.0000000E+00   2.8886888E+03   1.3426567E+03   4.3240214E+09   3.4550000E+03
   2.1473868E+00   7.0715538E+06   5.4392081E+01   1.3703000E-01   1.3211800E-01   0.0000000E+00   2.9482004E+03   1.3729248E+03   4.5211750E+09   3.4560000E+03
   2.1512410E+00   7.2462431E+06   5.2311250E+01   1.3649000E-01   1.2856300E-01   0.0000000E+00   3.0058667E+03   1.3972710E+03   4.7065697E+09   3.4570000E+03
   2.1304710E+00   7.1931469E+06   5.1279585E+01   1.7509001E-01   1.2591300E-01   0.0000000E+00   2.9644124E+03   1.3914352E+03   4.6979272E+09   3.4580000E+03
   2.0945462E+00   6.9824177E+06   5.0970834E+01   1.6470501E-01   1.2406700E-01   0.0000000E+00   2.8775675E+03   1.3738381E+03   4.5798520E+09   3.4590000E+03
   2.0497544E+00   6.8876884E+06   4.9467083E+01   1.3837500E-01   1.2031600E-01   0.0000000E+00   2.8385280E+03   1.3848137E+03   4.6533211E+09   3.4600000E+03
   2.1746940E+00   8.9474648E+06   4.4984167E+01   6.0475001E-02   1.0798300E-01   0.0000000E+00   3.5270676E+03   1.6218684E+03   6.6729436E+09   3.4630000E+03
   1.9612715E+00   8.3031931E+06   4.0824167E+01   7.4905000E-02   1.0066600E-01   0.0000000E+00   3.2730974E+03   1.6688650E+03   7.0652678E+09   3.4660000E+03
   1.7524974E+00   7.5952103E+06   4.3081667E+01   8.4925003E-02   1.0590500E-01   0.0000000E+00   3.0737396E+03   1.7539196E+03   7.6013740E+09   3.4680000E+03
   1.9518605E+00   6.4968769E+06   6.4192083E+01   1.9839001E-01   1.5596700E-01   0.0000000E+00   2.7632173E+03   1.4156839E+03   4.7121830E+09   3.4730000E+03
   2.1352974E+00   6.4906278E+06   6.7746665E+01   1.9590000E-01   1.6550600E-01   0.0000000E+00   2.7605595E+03   1.2928220E+03   3.9297696E+09   3.4740000E+03
   2.2472693E+00   6.5537600E+06   6.9450417E+01   1.8453501E-01   1.7043501E-01   0.0000000E+00   2.7874105E+03   1.2403545E+03   3.6172724E+09   3.4750000E+03
   2.2642119E+00   6.8380873E+06   7.7414164E+01   1.8311001E-01   1.8848900E-01   0.0000000E+00   2.8691676E+03   1.2671816E+03   3.8269821E+09   3.4770000E+03
   2.2334279E+00   6.8269439E+06   7.6645001E+01   1.9205000E-01   1.8630600E-01   0.0000000E+00   2.8644920E+03   1.2825541E+03   3.9203973E+09   3.4780000E+03
   2.1985707E+00   6.9123887E+06   7.2249167E+01   1.6732000E-01   1.7541201E-01   0.0000000E+00   2.9003434E+03   1.3191950E+03   4.1475984E+09   3.4790000E+03
   2.1582165E+00   7.0797852E+06   6.7589167E+01   1.4232500E-01   1.6440001E-01   0.0000000E+00   2.9705807E+03   1.3764053E+03   4.5151420E+09   3.4800000E+03
   2.1941961E+00   7.5756576E+06   6.1072918E+01   1.2183500E-01   1.4962800E-01   0.0000000E+00   3.0905914E+03   1.4085301E+03   4.8630757E+09   3.4820000E+03
   2.1944970E+00   7.5934131E+06   5.6056668E+01   1.1132500E-01   1.3824200E-01   0.0000000E+00   3.0978350E+03   1.4116378E+03   4.8845587E+09   3.4830000E+03
   2.2151385E+00   7.6086004E+06   5.4139165E+01   1.1203500E-01   1.3401900E-01   0.0000000E+00   3.1040308E+03   1.4012807E+03   4.8131460E+09   3.4840000E+03
   2.1885933E+00   7.5389538E+06   5.3173335E+01   1.2666500E-01   1.2855600E-01   0.0000000E+00   3.0314663E+03   1.3851209E+03   4.7712668E+09   3.4860000E+03
   2.1597807E+00   8.4237642E+06   5.2978749E+01   9.3140001E-02   1.2917200E-01   0.0000000E+00   3.4094646E+03   1.5786161E+03   6.1570558E+09   3.4890000E+03
   2.0902462E+00   8.2976084E+06   5.4140418E+01   8.5675001E-02   1.3341500E-01   0.0000000E+00   3.3584038E+03   1.6067025E+03   6.3780950E+09   3.4900000E+03
   2.0290378E+00   7.8932463E+06   5.3206669E+01   1.0690500E-01   1.3249500E-01   0.0000000E+00   3.1947409E+03   1.5745103E+03   6.1250696E+09   3.4910000E+03
   2.2088838E+00   8.2870980E+06   5.0939167E+01   1.1936500E-01   1.2702800E-01   0.0000000E+00   3.3614966E+03   1.5218078E+03   5.7093861E+09   3.4980000E+03
   2.1206323E+00   7.5457759E+06   4.4316248E+01   1.2822000E-01   1.0934200E-01   0.0000000E+00   3.0607941E+03   1.4433403E+03   5.1357904E+09   3.5000000E+03
   2.1700051E+00   7.8189562E+06   4.2987084E+01   9.2375002E-02   1.0528600E-01   0.0000000E+00   3.1511529E+03   1.4521408E+03   5.2323495E+09   3.5030000E+03
   2.1587854E+00   8.6186297E+06   4.6108751E+01   7.5660000E-02   1.1351100E-01   0.0000000E+00   3.4734330E+03   1.6089756E+03   6.4235961E+09   3.5050000E+03
   2.0346943E+00   8.1441042E+06   4.6315835E+01   9.4635000E-02   1.1322700E-01   0.0000000E+00   3.2829863E+03   1.6135035E+03   6.4582380E+09   3.5070000E+03
   2.0002711E+00   7.8842303E+06   5.0145001E+01   9.8020000E-02   1.2462200E-01   0.0000000E+00   3.1782280E+03   1.5888986E+03   6.2627723E+09   3.5110000E+03
   2.1183696E+00   7.8308254E+06   5.0854168E+01   1.1358500E-01   1.2575100E-01   0.0000000E+00   3.2393587E+03   1.5291755E+03   5.6527937E+09   3.5120000E+03
   2.0771123E+00   7.6283303E+06   5.3010418E+01   1.2944500E-01   1.3014800E-01   0.0000000E+00   3.1555931E+03   1.5192213E+03   5.5794392E+09   3.5130000E+03
   1.9122629E+00   6.3407867E+06   5.7791251E+01   1.9857000E-01   1.4784600E-01   0.0000000E+00   2.6229780E+03   1.3716618E+03   4.5482320E+09   3.5150000E+03
   1.8520527E+00   7.5261241E+06   5.0358750E+01   8.9280005E-02   1.5542900E-01   0.0000000E+00   3.0903030E+03   1.6685827E+03   6.7805634E+09   3.5190000E+03
   1.8264735E+00   8.1862907E+06   4.8371248E+01   4.1015000E-02   1.4774700E-01   0.0000000E+00   3.3613742E+03   1.8403629E+03   8.2485432E+09   3.5200000E+03
   1.8002915E+00   7.7687054E+06   4.8718334E+01   1.3824500E-01   1.2253000E-01   0.0000000E+00   3.1382368E+03   1.7431825E+03   7.5222660E+09   3.5230000E+03
   1.8870748E+00   7.1397438E+06   4.8335416E+01   1.6082001E-01   1.1834200E-01   0.0000000E+00   2.8841622E+03   1.5283773E+03   5.7826125E+09   3.5240000E+03
   1.9181553E+00   7.1040160E+06   4.9214584E+01   1.3102500E-01   1.1956700E-01   0.0000000E+00   2.8697296E+03   1.4960883E+03   5.5408628E+09   3.5250000E+03
   2.0862310E+00   7.6177549E+06   5.1882083E+01   1.2890000E-01   1.2553900E-01   0.0000000E+00   3.0958934E+03   1.4839648E+03   5.4186139E+09   3.5260000E+03
   2.3309732E+00   8.5800216E+06   5.3207084E+01   1.1505500E-01   1.2795700E-01   0.0000000E+00   3.4869633E+03   1.4959259E+03   5.5063167E+09   3.5270000E+03
   2.1234588E+00   8.2958911E+06   5.3040001E+01   1.0250000E-01   1.2729700E-01   0.0000000E+00   3.3714913E+03   1.5877357E+03   6.2029378E+09   3.5280000E+03
   1.9142716E+00   7.7663807E+06   5.0589583E+01   1.1188500E-01   1.2180200E-01   0.0000000E+00   3.1562956E+03   1.6488233E+03   6.6894322E+09   3.5300000E+03
   1.9368374E+00   7.4392623E+06   5.2900834E+01   1.1108000E-01   1.2909100E-01   0.0000000E+00   3.0354425E+03   1.5672160E+03   6.0195713E+09   3.5310000E+03
   2.1018787E+00   7.1437477E+06   5.4343333E+01   1.5138500E-01   1.3470100E-01   0.0000000E+00   2.9148637E+03   1.3867897E+03   4.7133433E+09   3.5340000E+03
   2.1151486E+00   6.8170718E+06   5.7827085E+01   1.6427000E-01   1.4215900E-01   0.0000000E+00   2.7815701E+03   1.3150708E+03   4.2384408E+09   3.5350000E+03
   2.1879346E+00   6.5642896E+06   6.0355835E+01   1.5564000E-01   1.4966800E-01   0.0000000E+00   2.7168948E+03   1.2417623E+03   3.7255628E+09   3.5360000E+03
   2.1232657E+00   8.1832526E+06   5.0394168E+01   1.0398000E-01   1.2411400E-01   0.0000000E+00   3.2616895E+03   1.5361664E+03   5.9205204E+09   3.5420000E+03
   2.0464732E+00   7.8237481E+06   4.7058334E+01   1.0224500E-01   1.1378500E-01   0.0000000E+00   3.1183978E+03   1.5237912E+03   5.8255142E+09   3.5430000E+03
   1.9503294E+00   8.0600853E+06   4.8062083E+01   1.0086500E-01   1.1823700E-01   0.0000000E+00   3.2181127E+03   1.6500355E+03   6.8190671E+09   3.5470000E+03
   1.9567178E+00   8.6972511E+06   4.5515833E+01   1.0211000E-01   1.2209500E-01   0.0000000E+00   3.4725110E+03   1.7746611E+03   7.8880429E+09   3.5490000E+03
   1.9626743E+00   9.0601442E+06   4.3064166E+01   1.0265500E-01   1.2252100E-01   0.0000000E+00   3.6386121E+03   1.8539052E+03   8.5580419E+09   3.5500000E+03
   1.7745498E+00   9.2782129E+06   3.9642918E+01   1.0212000E-01   1.3194700E-01   0.0000000E+00   3.8139570E+03   2.1492533E+03   1.1237346E+10   3.5520000E+03
   1.9383780E+00   9.2165130E+06   2.8077917E+01   2.0720501E-01   1.8204100E-01   1.2573000E+00   3.7885943E+03   1.9545178E+03   9.2932535E+09   3.5550000E+03
   1.9835658E+00   7.0946148E+06   2.0382084E+01   2.4476000E-01   2.5474400E-01   1.5434000E+00   3.1617338E+03   1.5939647E+03   5.7011296E+09   3.5620000E+03
   1.8398437E+00   6.4317354E+06   1.9787916E+01   2.5649500E-01   2.6849800E-01   2.1342001E+00   2.9372680E+03   1.5964769E+03   5.5809724E+09   3.5660000E+03
   1.9025989E+00   6.4916663E+06   1.8725001E+01   2.8656500E-01   2.7851900E-01   1.3291000E+00   2.9646374E+03   1.5582041E+03   5.3165915E+09   3.5680000E+03
   1.8798310E+00   6.4796597E+06   1.8515416E+01   2.9860001E-01   2.8522800E-01   1.8151000E+00   2.9591543E+03   1.5741598E+03   5.4260303E+09   3.5690000E+03
   1.8693258E+00   6.4083414E+06   1.6265000E+01   3.1042500E-01   2.8838800E-01   1.9316000E+00   2.9419004E+03   1.5737762E+03   5.3951510E+09   3.5700000E+03
   1.8210391E+00   6.4361446E+06   1.4691250E+01   2.5108500E-01   2.8982201E-01   3.9749000E+00   2.9533081E+03   1.6217709E+03   5.7318659E+09   3.5740000E+03
   1.8186723E+00   6.4377474E+06   1.4555833E+01   2.8720501E-01   2.8521500E-01   4.9461002E+00   2.9540436E+03   1.6242858E+03   5.7496570E+09   3.5750000E+03
   1.7783192E+00   6.4474896E+06   1.6810833E+01   2.5798000E-01   2.7593100E-01   3.8513000E+00   2.9585139E+03   1.6636574E+03   6.0317706E+09   3.5780000E+03
   1.8080909E+00   6.6190726E+06   1.8684584E+01   2.9024500E-01   2.7911100E-01   2.2216001E+00   3.0097639E+03   1.6646087E+03   6.0938118E+09   3.5840000E+03
   1.8435081E+00   7.0128070E+06   2.6344583E+01   2.4652000E-01   2.4145000E-01   8.5140002E-01   3.1222150E+03   1.6936269E+03   6.4426506E+09   3.5890000E+03
   1.8321938E+00   7.4702854E+06   3.0152917E+01   2.3165501E-01   2.1920200E-01   1.3822000E+00   3.1036959E+03   1.6939780E+03   6.9067469E+09   3.5900000E+03
   1.8413429E+00   7.4658304E+06   3.4552500E+01   1.3593000E-01   2.0079300E-01   1.2834001E+00   3.1018450E+03   1.6845559E+03   6.8301287E+09   3.5910000E+03
   1.8866843E+00   7.6504266E+06   3.5915416E+01   1.0191000E-01   1.7872200E-01   2.2470000E-01   3.1785395E+03   1.6847225E+03   6.8314801E+09   3.5920000E+03
   1.9704831E+00   8.4271123E+06   4.2732501E+01   1.0500000E-01   1.4971000E-01   1.7941000E+00   3.5012309E+03   1.7768388E+03   7.5989588E+09   3.5940000E+03
   1.9286375E+00   8.1126524E+06   4.5811667E+01   1.3402000E-01   1.3616400E-01   0.0000000E+00   3.3239039E+03   1.7234467E+03   7.2495345E+09   3.5950000E+03
   1.8930081E+00   7.5233564E+06   4.9352084E+01   1.3148500E-01   1.3546100E-01   0.0000000E+00   3.0651279E+03   1.6191837E+03   6.4351000E+09   3.5960000E+03
   1.9196731E+00   7.1660390E+06   5.3956248E+01   1.2337000E-01   1.4215900E-01   0.0000000E+00   2.9195515E+03   1.5208587E+03   5.6772855E+09   3.5970000E+03
   2.1010170E+00   7.3307950E+06   5.8120832E+01   1.2822500E-01   1.4266300E-01   0.0000000E+00   2.9371350E+03   1.3979587E+03   4.8777084E+09   3.6000000E+03
   2.4862807E+00   7.7013514E+06   5.8756251E+01   6.4745002E-02   1.4368300E-01   0.0000000E+00   3.0856011E+03   1.2410510E+03   3.8442037E+09   3.6010000E+03
   3.1770203E+00   8.8605637E+06   5.9762500E+01   5.4790001E-02   1.4572900E-01   0.0000000E+00   3.5500477E+03   1.1174142E+03   3.1164170E+09   3.6020000E+03
   2.4866547E+00   6.6236817E+06   7.1959170E+01   1.3955500E-01   1.7386400E-01   0.0000000E+00   2.7453400E+03   1.1040295E+03   2.9407942E+09   3.6060000E+03
   2.0425831E+00   6.4757121E+06   7.4619168E+01   1.4758500E-01   1.7931000E-01   0.0000000E+00   2.6840106E+03   1.3140276E+03   4.1659329E+09   3.6070000E+03
   2.0339391E+00   6.5690464E+06   7.4505420E+01   1.5252000E-01   1.7963800E-01   0.0000000E+00   2.7226951E+03   1.3386316E+03   4.3234005E+09   3.6080000E+03
   2.2268370E+00   7.0625219E+06   6.6613335E+01   1.6326000E-01   1.6495001E-01   0.0000000E+00   2.9476303E+03   1.3236848E+03   4.1981309E+09   3.6120000E+03
   2.4200740E+00   6.5579738E+06   7.1828750E+01   2.1082001E-01   1.8054600E-01   0.0000000E+00   2.8005183E+03   1.1572036E+03   3.1358177E+09   3.6150000E+03
   2.3705982E+00   6.3817326E+06   7.3763752E+01   2.0901501E-01   1.8632900E-01   0.0000000E+00   2.7252562E+03   1.1496070E+03   3.0947818E+09   3.6160000E+03
   2.1282155E+00   7.0478485E+06   6.6214584E+01   1.0497000E-01   1.6154800E-01   0.0000000E+00   2.9114918E+03   1.3680437E+03   4.5304458E+09   3.6220000E+03
   2.1432129E+00   7.6290926E+06   6.5148331E+01   8.5550003E-02   1.5888600E-01   0.0000000E+00   3.1516059E+03   1.4705053E+03   5.2344872E+09   3.6230000E+03
   2.1504049E+00   7.8765394E+06   6.1816667E+01   9.8730001E-02   1.5026900E-01   0.0000000E+00   3.2600221E+03   1.5160038E+03   5.5528444E+09   3.6240000E+03
   2.0522398E+00   7.3141056E+06   6.2822918E+01   1.2592000E-01   1.5182500E-01   0.0000000E+00   3.0272363E+03   1.4750889E+03   5.2571616E+09   3.6250000E+03
   2.1312928E+00   7.0076734E+06   6.5833749E+01   1.7538500E-01   1.5813700E-01   0.0000000E+00   2.9004070E+03   1.3608674E+03   4.4745210E+09   3.6280000E+03
   2.1858033E+00   6.9753784E+06   6.6032500E+01   1.5597500E-01   1.5848600E-01   0.0000000E+00   2.9280018E+03   1.3395541E+03   4.2748112E+09   3.6300000E+03
   2.1770181E+00   7.2941761E+06   6.3503750E+01   1.5295000E-01   1.5332900E-01   0.0000000E+00   3.0618211E+03   1.4064289E+03   4.7122896E+09   3.6320000E+03
   2.1240445E+00   7.3378872E+06   6.4495417E+01   1.4895000E-01   1.5677300E-01   0.0000000E+00   3.0801694E+03   1.4501435E+03   5.0097769E+09   3.6330000E+03
   2.0658616E+00   7.3323153E+06   6.1080416E+01   1.7062000E-01   1.4859200E-01   0.0000000E+00   3.0620210E+03   1.4822005E+03   5.2607403E+09   3.6340000E+03
   2.0116206E+00   7.3135369E+06   5.8071252E+01   1.5190000E-01   1.4214300E-01   0.0000000E+00   3.0613382E+03   1.5218268E+03   5.5328210E+09   3.6350000E+03
   2.1648587E+00   7.0662774E+06   6.5042501E+01   1.7548500E-01   1.6277300E-01   0.0000000E+00   2.9578391E+03   1.3662966E+03   4.4597050E+09   3.6390000E+03
   2.2738055E+00   6.5476789E+06   6.6108333E+01   1.8342501E-01   1.6502001E-01   0.0000000E+00   2.7562210E+03   1.2121621E+03   3.4905573E+09   3.6400000E+03
   2.2712507E+00   6.5920463E+06   6.4762084E+01   1.5972500E-01   1.6145100E-01   0.0000000E+00   2.7748973E+03   1.2217486E+03   3.5459860E+09   3.6420000E+03
   1.9546368E+00   8.3610982E+06   5.8713749E+01   1.1529500E-01   1.4401900E-01   0.0000000E+00   3.4072692E+03   1.7431725E+03   7.4565445E+09   3.6460000E+03
   2.1973756E+00   7.1943750E+06   6.1564583E+01   1.3971000E-01   1.5212600E-01   0.0000000E+00   2.9654074E+03   1.3495223E+03   4.4184387E+09   3.6520000E+03
   2.1402115E+00   7.3983704E+06   5.7487084E+01   1.4581500E-01   1.4361000E-01   0.0000000E+00   3.0494911E+03   1.4248550E+03   4.9254968E+09   3.6530000E+03
   2.1031624E+00   7.8193652E+06   5.2506666E+01   1.4308000E-01   1.3586200E-01   0.0000000E+00   3.2007225E+03   1.5218617E+03   5.6581425E+09   3.6540000E+03
   2.0641654E+00   8.3729390E+06   5.1337085E+01   9.2205000E-02   1.4061200E-01   0.0000000E+00   3.4273184E+03   1.6603894E+03   6.7350897E+09   3.6550000E+03
   1.7608487E+00   7.7040075E+06   3.9497083E+01   1.3721000E-01   1.4108400E-01   0.0000000E+00   3.1981433E+03   1.8162511E+03   7.9464023E+09   3.6610000E+03
   1.7839683E+00   7.9625287E+06   4.1691250E+01   1.0246000E-01   1.3430900E-01   0.0000000E+00   3.3054625E+03   1.8528707E+03   8.2700665E+09   3.6620000E+03
   1.8384354E+00   8.2481097E+06   4.3535835E+01   1.0482500E-01   1.2570800E-01   0.0000000E+00   3.4240149E+03   1.8624613E+03   8.3559014E+09   3.6630000E+03
   1.8649348E+00   8.3891002E+06   4.5939584E+01   1.0608500E-01   1.2029400E-01   0.0000000E+00   3.3970844E+03   1.8215567E+03   8.1939710E+09   3.6650000E+03
   1.8502668E+00   8.3321371E+06   4.6500416E+01   1.0833000E-01   1.2863500E-01   0.0000000E+00   3.3740178E+03   1.8235304E+03   8.2117371E+09   3.6660000E+03
   1.8525231E+00   8.1371076E+06   4.9108750E+01   1.2803000E-01   1.4275900E-01   0.0000000E+00   3.2950425E+03   1.7786782E+03   7.8127480E+09   3.6670000E+03
   1.8968711E+00   7.6542322E+06   5.0512915E+01   1.8083500E-01   1.6730101E-01   0.0000000E+00   3.2105332E+03   1.6925416E+03   6.8297243E+09   3.6700000E+03
   1.8535110E+00   7.5733122E+06   5.1912500E+01   1.7964500E-01   1.7231501E-01   0.0000000E+00   3.1765917E+03   1.7138240E+03   7.0025610E+09   3.6710000E+03
   1.8006262E+00   7.5085884E+06   5.1475419E+01   1.6305500E-01   1.7457800E-01   0.0000000E+00   3.1494436E+03   1.7490824E+03   7.2936514E+09   3.6720000E+03
   1.8039615E+00   7.8500162E+06   4.9586668E+01   1.4980500E-01   1.6700100E-01   0.0000000E+00   3.2311241E+03   1.7911269E+03   7.7941659E+09   3.6740000E+03
   1.7769059E+00   7.8725839E+06   4.4598751E+01   9.3065004E-02   1.5307400E-01   3.6840001E-01   3.2931415E+03   1.8533010E+03   8.2110523E+09   3.6780000E+03
   1.7862257E+00   8.0395841E+06   2.9165417E+01   1.8361000E-01   1.9667200E-01   2.5510001E-01   3.3791124E+03   1.8917612E+03   8.5145864E+09   3.6810000E+03
   1.8001085E+00   7.4396437E+06   2.3925833E+01   2.2554001E-01   1.8223101E-01   1.5060000E-01   3.1880543E+03   1.7710345E+03   7.3194843E+09   3.6850000E+03
   1.8821210E+00   7.3126907E+06   2.7174167E+01   1.0236500E-01   1.7112200E-01   6.1720002E-01   3.1336521E+03   1.6649578E+03   6.4689364E+09   3.6860000E+03
   2.0030675E+00   7.8615262E+06   4.0048332E+01   8.3485003E-02   1.3004000E-01   0.0000000E+00   3.1279698E+03   1.5615898E+03   6.1288396E+09   3.6880000E+03
   2.1232528E+00   8.1898634E+06   4.9253334E+01   8.0155001E-02   1.2346700E-01   0.0000000E+00   3.2671892E+03   1.5387660E+03   5.9353666E+09   3.6910000E+03
   2.0950858E+00   8.1544450E+06   4.6838749E+01   7.5085001E-02   1.2205700E-01   0.0000000E+00   3.2530598E+03   1.5527096E+03   6.0434208E+09   3.6920000E+03
   1.8967595E+00   8.0368106E+06   4.4014585E+01   1.0438000E-01   1.2851000E-01   0.0000000E+00   3.2402575E+03   1.7083123E+03   7.2383362E+09   3.6950000E+03
   1.7842420E+00   8.0109296E+06   4.3050001E+01   1.0060500E-01   1.2859400E-01   0.0000000E+00   3.2298229E+03   1.8101933E+03   8.1274465E+09   3.6960000E+03
   1.7093804E+00   8.0653965E+06   4.2376250E+01   1.3398500E-01   1.2777200E-01   0.0000000E+00   3.2517827E+03   1.9023166E+03   8.9757307E+09   3.6970000E+03
   1.6471369E+00   8.6074286E+06   4.1973333E+01   1.1112500E-01   1.2118100E-01   0.0000000E+00   3.4502861E+03   2.0947173E+03   1.0946346E+10   3.7020000E+03
   1.6738612E+00   7.8117692E+06   4.8882500E+01   1.0558000E-01   1.3212000E-01   0.0000000E+00   3.1194670E+03   1.8636354E+03   8.6974298E+09   3.7050000E+03
   1.7215773E+00   7.7974364E+06   4.9468749E+01   8.5900002E-02   1.3015100E-01   0.0000000E+00   3.1137435E+03   1.8086574E+03   8.1918430E+09   3.7070000E+03
   1.7870022E+00   7.7052617E+06   4.9300002E+01   1.0849500E-01   1.2948800E-01   0.0000000E+00   3.1303116E+03   1.7517111E+03   7.5530921E+09   3.7080000E+03
   1.8089282E+00   7.7748252E+06   4.9377501E+01   1.2708500E-01   1.2702400E-01   0.0000000E+00   3.1585722E+03   1.7461015E+03   7.5047941E+09   3.7090000E+03
   1.8583081E+00   8.0788605E+06   4.9882082E+01   1.1723500E-01   1.2703400E-01   0.0000000E+00   3.2820884E+03   1.7661702E+03   7.6782976E+09   3.7100000E+03
   1.8622590E+00   8.2106205E+06   5.0015418E+01   1.1202000E-01   1.2777100E-01   0.0000000E+00   3.3356168E+03   1.7911669E+03   7.8971783E+09   3.7110000E+03
   1.7954581E+00   7.9181824E+06   4.9086250E+01   1.4157500E-01   1.2494600E-01   0.0000000E+00   3.2168119E+03   1.7916386E+03   7.9013381E+09   3.7120000E+03
   1.8038796E+00   7.9470709E+06   5.3621249E+01   1.1087000E-01   1.3168000E-01   0.0000000E+00   3.1924922E+03   1.7697923E+03   7.7968976E+09   3.7150000E+03
   1.8970447E+00   8.2863736E+06   5.5617500E+01   8.8485003E-02   1.3408900E-01   0.0000000E+00   3.3478944E+03   1.7647947E+03   7.7087002E+09   3.7190000E+03
   1.8544517E+00   8.1229200E+06   5.2755002E+01   1.0539000E-01   1.2834400E-01   0.0000000E+00   3.2818552E+03   1.7697173E+03   7.7517643E+09   3.7200000E+03
   1.7949213E+00   7.8007737E+06   5.2211250E+01   1.4048000E-01   1.2930900E-01   1.8300001E-02   3.1517003E+03   1.7558989E+03   7.6311813E+09   3.7210000E+03
   1.7708641E+00   7.5729614E+06   5.3942918E+01   1.5495500E-01   1.3479500E-01   2.0300001E-02   3.1017660E+03   1.7515550E+03   7.4903876E+09   3.7220000E+03
   1.8039493E+00   7.4785671E+06   5.4150835E+01   1.2812500E-01   1.3515300E-01   0.0000000E+00   3.0629779E+03   1.6979290E+03   7.0390428E+09   3.7230000E+03
   1.8607031E+00   7.2986873E+06   5.4232084E+01   1.2184500E-01   1.3324100E-01   0.0000000E+00   2.9893050E+03   1.6065459E+03   6.3017450E+09   3.7240000E+03
   1.8255579E+00   7.4290114E+06   5.5447085E+01   1.1719500E-01   1.3665100E-01   0.0000000E+00   3.0426815E+03   1.6667132E+03   6.7826013E+09   3.7250000E+03
   1.8463082E+00   7.5647887E+06   5.5059582E+01   1.0940000E-01   1.3736500E-01   0.0000000E+00   3.0982915E+03   1.6781009E+03   6.8756009E+09   3.7260000E+03
   1.9579012E+00   7.5552275E+06   4.8022501E+01   1.2367000E-01   1.1927700E-01   0.0000000E+00   3.0943755E+03   1.5804554E+03   6.0987247E+09   3.7300000E+03
   1.9250625E+00   7.8021855E+06   4.2805834E+01   7.6890001E-02   1.2804500E-01   3.0000001E-04   3.1738132E+03   1.6486806E+03   6.6820228E+09   3.7320000E+03
   1.9676438E+00   8.7068326E+06   3.9204166E+01   4.4705000E-02   1.3482700E-01   1.0800000E-02   3.5802593E+03   1.8195667E+03   8.0515908E+09   3.7330000E+03
   1.6304310E+00   7.8513198E+06   4.5635834E+01   2.0191000E-01   1.8913900E-01   1.9759001E+00   3.2284714E+03   1.9801337E+03   9.5353083E+09   3.7370000E+03
   2.2663143E+00   6.8385668E+06   6.9632086E+01   1.8056000E-01   1.7556400E-01   1.5390000E-01   2.8650413E+03   1.2641853E+03   3.8146586E+09   3.7430000E+03
   2.1008084E+00   7.2428954E+06   7.4285836E+01   1.3056000E-01   1.8612801E-01   0.0000000E+00   3.0344361E+03   1.4444136E+03   4.9798622E+09   3.7470000E+03
   2.1749109E+00   6.9785792E+06   7.5304585E+01   1.7234501E-01   1.8768700E-01   0.0000000E+00   2.9318065E+03   1.3480123E+03   4.3253314E+09   3.7480000E+03
   2.2184556E+00   6.5563404E+06   7.3126668E+01   1.7313000E-01   1.8145700E-01   0.0000000E+00   2.7544176E+03   1.2415924E+03   3.6693555E+09   3.7490000E+03
   2.1906030E+00   6.8580721E+06   7.0200833E+01   1.8111500E-01   1.7252100E-01   0.0000000E+00   2.8811797E+03   1.3152450E+03   4.1176082E+09   3.7510000E+03
   2.1802109E+00   7.5167338E+06   6.1803333E+01   1.2410000E-01   1.5026900E-01   0.0000000E+00   3.1139376E+03   1.4282736E+03   4.9242722E+09   3.7530000E+03
   2.1138635E+00   7.3787288E+06   5.8857918E+01   1.3577000E-01   1.4295400E-01   0.0000000E+00   3.0567667E+03   1.4460568E+03   5.0476583E+09   3.7550000E+03
   2.1453769E+00   7.3118965E+06   6.1907502E+01   1.4630500E-01   1.4928400E-01   0.0000000E+00   3.0290803E+03   1.4119105E+03   4.8120886E+09   3.7560000E+03
   2.1873486E+00   7.2661732E+06   6.5122083E+01   1.2649000E-01   1.5650600E-01   0.0000000E+00   3.0101386E+03   1.3761586E+03   4.5714738E+09   3.7570000E+03
   2.2687934E+00   6.8018821E+06   6.2152917E+01   1.5884500E-01   1.5826600E-01   0.0000000E+00   2.8619019E+03   1.2614202E+03   3.7817598E+09   3.7590000E+03
   2.1744537E+00   8.4474841E+06   4.6908332E+01   1.0632500E-01   1.3206400E-01   8.1000002E-03   3.3670072E+03   1.5484382E+03   6.0154910E+09   3.7630000E+03
   1.8223337E+00   8.7626271E+06   4.5590418E+01   5.7835002E-02   1.2079600E-01   0.0000000E+00   3.4926172E+03   1.9165629E+03   9.2157245E+09   3.7660000E+03
   1.7636003E+00   8.2093348E+06   5.0003749E+01   5.4955001E-02   1.2697500E-01   0.0000000E+00   3.2720854E+03   1.8553441E+03   8.6363904E+09   3.7670000E+03
   1.7702296E+00   7.2567928E+06   5.6367917E+01   9.4370003E-02   1.3943100E-01   0.0000000E+00   2.8801370E+03   1.6269849E+03   6.6695826E+09   3.7690000E+03
   1.9295712E+00   7.5743201E+06   6.3805001E+01   1.3956000E-01   1.5608700E-01   0.0000000E+00   3.0483842E+03   1.5798247E+03   6.2014285E+09   3.7740000E+03
   2.0390560E+00   7.5712427E+06   7.2333751E+01   8.9645004E-02   1.7397100E-01   2.0950000E-01   3.0863980E+03   1.5136406E+03   5.6203167E+09   3.7770000E+03
   2.2210306E+00   6.8116374E+06   7.5153749E+01   1.5175500E-01   1.8045401E-01   4.5600001E-02   2.7792391E+03   1.2513286E+03   3.8376764E+09   3.7790000E+03
   1.9758253E+00   6.7385317E+06   7.4775004E+01   1.4081500E-01   1.8167400E-01   1.2157000E+00   2.7639589E+03   1.3988883E+03   4.7708943E+09   3.7840000E+03
   1.8965519E+00   6.4890583E+06   7.0317087E+01   1.3860000E-01   1.6876200E-01   0.0000000E+00   2.6197248E+03   1.3813093E+03   4.7261544E+09   3.7860000E+03
   2.1215690E+00   7.9855121E+06   6.2467916E+01   1.0960500E-01   1.5436500E-01   0.0000000E+00   3.2194452E+03   1.5174832E+03   5.7117540E+09   3.7890000E+03
   2.0621878E+00   7.6455533E+06   5.9820418E+01   1.0793000E-01   1.4963100E-01   0.0000000E+00   3.0823871E+03   1.4947170E+03   5.5416577E+09   3.7900000E+03
   2.0382581E+00   7.7512489E+06   6.1727084E+01   6.7965002E-02   1.5011800E-01   0.0000000E+00   3.1079587E+03   1.5248112E+03   5.7986726E+09   3.7920000E+03
   2.1242936E+00   8.0478014E+06   6.5342918E+01   8.2725000E-02   1.5686800E-01   3.0000001E-04   3.2268651E+03   1.5190297E+03   5.7547833E+09   3.7930000E+03
   2.1757233E+00   8.8234888E+06   7.2371670E+01   4.8985000E-02   1.7784500E-01   1.4000000E-03   3.5502710E+03   1.6317659E+03   6.6175087E+09   3.8020000E+03
   1.8237236E+00   7.9261653E+06   6.4137500E+01   1.5225000E-01   1.5570700E-01   0.0000000E+00   3.1892186E+03   1.7487402E+03   7.6002767E+09   3.8040000E+03
   1.9516060E+00   6.6881788E+06   7.8756664E+01   1.8837500E-01   1.9136900E-01   6.7400002E-01   2.7324340E+03   1.4000951E+03   4.7981440E+09   3.8110000E+03
   2.3898758E+00   6.4503407E+06   7.5720836E+01   1.4864500E-01   1.9005600E-01   0.0000000E+00   2.7323849E+03   1.1433167E+03   3.0858432E+09   3.8150000E+03
   2.3201254E+00   6.9877755E+06   7.3851249E+01   1.3752500E-01   1.8114401E-01   5.0900001E-02   2.8677208E+03   1.2360197E+03   3.7226558E+09   3.8170000E+03
   2.2489679E+00   7.0005070E+06   6.9631667E+01   1.4317000E-01   1.6766100E-01   3.2120001E-01   2.8729457E+03   1.2774507E+03   3.9764029E+09   3.8180000E+03
   2.1435942E+00   7.1875582E+06   6.3071249E+01   1.2816500E-01   1.5275900E-01   2.7930000E-01   2.9497098E+03   1.3760579E+03   4.6139779E+09   3.8200000E+03
   2.2104649E+00   8.9049131E+06   5.0880000E+01   7.5390000E-02   1.2751900E-01   5.5570000E-01   3.5448084E+03   1.6036484E+03   6.4603376E+09   3.8220000E+03
   2.1243894E+00   9.0151697E+06   4.9132498E+01   8.9770002E-02   1.2092200E-01   9.0130001E-01   3.5886986E+03   1.6892847E+03   7.1687366E+09   3.8230000E+03
   2.0124537E+00   8.8893440E+06   4.9627083E+01   1.0401000E-01   1.2223500E-01   1.8390000E-01   3.5386108E+03   1.7583563E+03   7.7669534E+09   3.8240000E+03
   1.9397506E+00   6.9329202E+06   7.4491667E+01   1.5334000E-01   1.8177200E-01   1.0060000E-01   2.7888976E+03   1.4377609E+03   5.1387439E+09   3.8300000E+03
   2.0321382E+00   6.5193910E+06   7.9292498E+01   1.6176500E-01   1.9450500E-01   0.0000000E+00   2.7488261E+03   1.3526768E+03   4.3395813E+09   3.8310000E+03
   2.0388684E+00   6.4102038E+06   8.0104168E+01   1.6288500E-01   1.9226000E-01   4.9000001E-03   2.6961950E+03   1.3223978E+03   4.1576198E+09   3.8340000E+03
   1.9594758E+00   6.7353135E+06   7.6563748E+01   1.5744500E-01   1.8426100E-01   2.7770001E-01   2.7756175E+03   1.4165103E+03   4.8689761E+09   3.8360000E+03
   1.9746590E+00   6.7355222E+06   6.9486252E+01   1.2423000E-01   1.7483801E-01   8.1510001E-01   2.7757035E+03   1.4056622E+03   4.7946858E+09   3.8380000E+03
   2.0972177E+00   7.0935185E+06   6.6780001E+01   1.2111000E-01   1.6684000E-01   1.6985000E+00   2.9232336E+03   1.3938627E+03   4.7145278E+09   3.8390000E+03
   2.2049807E+00   7.3354295E+06   6.3775415E+01   1.2873000E-01   1.5467600E-01   1.0286000E+00   3.0229249E+03   1.3709530E+03   4.5608238E+09   3.8400000E+03
   2.2401895E+00   7.8024309E+06   5.2575833E+01   9.3085003E-02   1.3528900E-01   3.1040001E-01   3.1614389E+03   1.4112372E+03   4.9152452E+09   3.8440000E+03
   2.1810063E+00   7.9721573E+06   5.4876668E+01   1.0686500E-01   1.3929400E-01   2.4003000E+00   3.2302097E+03   1.4810639E+03   5.4136821E+09   3.8450000E+03
   2.0222516E+00   7.6506094E+06   6.7846668E+01   1.7000000E-01   1.6708900E-01   2.1758001E+00   3.0957835E+03   1.5308597E+03   5.7915692E+09   3.8490000E+03
   2.2098405E+00   7.3304022E+06   6.9662081E+01   1.3328000E-01   1.6723301E-01   2.6500000E-02   3.0449458E+03   1.3779030E+03   4.5707295E+09   3.8570000E+03
   2.1870530E+00   7.5669573E+06   5.9092082E+01   1.0475500E-01   1.4427000E-01   1.6748000E+00   3.0793788E+03   1.4080037E+03   4.8715345E+09   3.8620000E+03
   2.1068219E+00   7.7489748E+06   4.6879584E+01   1.5007500E-01   1.2461300E-01   7.6258001E+00   3.1732085E+03   1.5061588E+03   5.5397120E+09   3.8670000E+03
   2.1347033E+00   7.9115873E+06   4.1349584E+01   8.5150003E-02   1.4752600E-01   1.0405000E+01   3.2750703E+03   1.5342040E+03   5.6860308E+09   3.8700000E+03
   2.0341237E+00   7.8409583E+06   4.1028751E+01   1.6036501E-01   1.7165100E-01   6.6153002E+00   3.2764858E+03   1.6107604E+03   6.2090152E+09   3.8720000E+03
   1.8403837E+00   7.5609731E+06   3.1115417E+01   1.5978500E-01   2.2821501E-01   1.6317000E+00   3.1594889E+03   1.7167556E+03   7.0530632E+09   3.8750000E+03
   1.8245711E+00   7.4975555E+06   2.6617917E+01   1.2548500E-01   2.3889200E-01   1.7796000E+00   3.2558432E+03   1.7844430E+03   7.3326605E+09   3.8760000E+03
   1.7478965E+00   6.8624451E+06   1.5397083E+01   3.1552500E-01   2.6091801E-01   5.1655002E+00   3.0960726E+03   1.7713135E+03   6.9543827E+09   3.8800000E+03
   1.8685435E+00   6.4568285E+06   1.2344167E+01   3.1915001E-01   2.8070400E-01   3.7851000E+00   3.0309479E+03   1.6220911E+03   5.6052022E+09   3.8870000E+03
   1.8550923E+00   6.4404266E+06   1.4381667E+01   3.1961000E-01   2.6566200E-01   6.0583000E+00   3.0232486E+03   1.6297025E+03   5.6579283E+09   3.8880000E+03
   1.8644465E+00   6.9035322E+06   1.3738750E+01   2.0145500E-01   2.6134701E-01   1.3849000E+00   3.1284415E+03   1.6779465E+03   6.2129741E+09   3.8920000E+03
   1.8365965E+00   6.6596814E+06   8.3220833E+00   2.8007500E-01   2.8454300E-01   7.8105001E+00   3.1056154E+03   1.6909623E+03   6.1315971E+09   3.8970000E+03
   1.8359267E+00   6.6682922E+06   8.2820835E+00   3.0966000E-01   2.8638100E-01   9.0887003E+00   3.1028300E+03   1.6900621E+03   6.1384957E+09   3.9000000E+03
   1.8513267E+00   6.7802323E+06   1.0625000E+01   2.8537500E-01   2.9547001E-01   2.4633000E+00   3.1549170E+03   1.7041385E+03   6.2411757E+09   3.9030000E+03
   1.8338239E+00   6.6111325E+06   1.1661250E+01   3.1191000E-01   3.0081200E-01   7.3547001E+00   3.0945200E+03   1.6874685E+03   6.0835056E+09   3.9070000E+03
   1.8838932E+00   6.7212743E+06   9.5170833E+00   3.0596500E-01   2.8755600E-01   7.0444002E+00   3.1390221E+03   1.6662420E+03   5.9447476E+09   3.9120000E+03
   1.8616785E+00   6.6176348E+06   8.8329168E+00   3.0931000E-01   2.8405600E-01   7.6801000E+00   3.0906196E+03   1.6601253E+03   5.9011815E+09   3.9130000E+03
   1.8137815E+00   6.5627413E+06   1.5164167E+01   3.0739000E-01   2.7378300E-01   8.9568005E+00   3.0158271E+03   1.6627290E+03   6.0161935E+09   3.9160000E+03
   1.8272730E+00   6.6318709E+06   1.9366667E+01   3.0760000E-01   2.4834900E-01   8.7108002E+00   3.0475947E+03   1.6678376E+03   6.0532191E+09   3.9170000E+03
   1.9852240E+00   7.1054305E+06   6.1887501E+01   1.2071000E-01   1.4852900E-01   0.0000000E+00   2.8719252E+03   1.4466505E+03   5.1777907E+09   3.9250000E+03
   3.0009530E+00   7.5740230E+06   6.4483752E+01   1.0539000E-01   1.5535900E-01   3.8330001E-01   3.0707573E+03   1.0232607E+03   2.5825796E+09   3.9300000E+03
   2.8509752E+00   7.1954979E+06   6.4578333E+01   1.0432500E-01   1.6021700E-01   0.0000000E+00   2.9172908E+03   1.0232607E+03   2.5825796E+09   3.9310000E+03
   2.6419750E+00   6.6680080E+06   6.6234582E+01   1.2611500E-01   1.7321100E-01   3.9660001E-01   2.7034291E+03   1.0232607E+03   2.5825796E+09   3.9320000E+03
   2.6576906E+00   6.7329637E+06   6.1383751E+01   1.0064000E-01   1.5056700E-01   1.8560000E-01   2.7195103E+03   1.0232607E+03   2.5923172E+09   3.9340000E+03
   2.8074529E+00   7.1278827E+06   5.9638333E+01   1.0839000E-01   1.4313200E-01   0.0000000E+00   2.8727562E+03   1.0232607E+03   2.5979713E+09   3.9350000E+03
   3.0947692E+00   6.8714379E+06   6.3392501E+01   1.0839000E-01   1.5624000E-01   0.0000000E+00   2.7694011E+03   8.9486513E+02   1.9869043E+09   3.9370000E+03
   2.9387515E+00   7.4358276E+06   6.3185000E+01   6.3045001E-02   1.5164400E-01   0.0000000E+00   2.9710035E+03   1.0109747E+03   2.5580366E+09   3.9410000E+03
   2.7922936E+00   7.0652500E+06   6.6674582E+01   1.0388500E-01   1.6528200E-01   0.0000000E+00   2.8229383E+03   1.0109747E+03   2.5580366E+09   3.9430000E+03
   2.5209218E+00   6.3573059E+06   6.1147916E+01   1.1026000E-01   1.6474001E-01   3.3738000E+00   2.5523150E+03   1.0124531E+03   2.5532223E+09   3.9450000E+03
   2.8629640E+00   6.9172747E+06   5.5452500E+01   1.0915500E-01   1.4330900E-01   0.0000000E+00   2.7771298E+03   9.7001912E+02   2.3436860E+09   3.9480000E+03
   3.5556212E+00   8.5885569E+06   5.1044585E+01   4.4035001E-02   1.3386100E-01   0.0000000E+00   3.4481119E+03   9.6976359E+02   2.3424514E+09   3.9490000E+03
   4.1536506E+00   1.0311831E+07   4.4556251E+01   4.2100000E-03   1.1526600E-01   0.0000000E+00   4.0280591E+03   9.6976359E+02   2.4075300E+09   3.9500000E+03
   3.9120784E+00   9.7121052E+06   4.0767917E+01   4.7560000E-02   1.0255800E-01   0.0000000E+00   3.7937912E+03   9.6976359E+02   2.4075300E+09   3.9510000E+03
   3.3067722E+00   8.2093752E+06   3.8250416E+01   1.0665000E-01   9.1800003E-02   0.0000000E+00   3.2067872E+03   9.6976359E+02   2.4075300E+09   3.9530000E+03
   4.8573850E+00   1.2277016E+07   4.3543333E+01   2.1050000E-03   1.0474700E-01   2.2820000E-01   4.7105151E+03   9.6976359E+02   2.4510726E+09   3.9580000E+03
   4.7545437E+00   1.1643611E+07   4.4727918E+01   3.0755000E-02   1.1084700E-01   0.0000000E+00   4.6107834E+03   9.6976359E+02   2.3748968E+09   3.9590000E+03
   3.5328763E+00   8.6713444E+06   4.0957082E+01   7.8940001E-02   1.0873600E-01   0.0000000E+00   3.4260548E+03   9.6976359E+02   2.3802572E+09   3.9610000E+03
   3.1116653E+00   7.6374939E+06   3.0459584E+01   1.0026000E-01   1.1373700E-01   2.3717600E+01   3.0175797E+03   9.6976359E+02   2.3802572E+09   3.9630000E+03
   3.4384859E+00   8.5226960E+06   2.5675000E+01   4.2135000E-02   1.1254900E-01   3.3336800E+01   3.3345185E+03   9.6976359E+02   2.4036743E+09   3.9640000E+03
   4.4279809E+00   1.0975277E+07   2.6280000E+01   1.6885000E-02   1.2175800E-01   3.7669102E+01   4.2940947E+03   9.6976359E+02   2.4036743E+09   3.9660000E+03
   3.9119420E+00   9.3050868E+06   4.6177081E+01   1.2907000E-01   1.4286600E-01   1.3822400E+01   3.7936590E+03   9.6976359E+02   2.3067148E+09   3.9690000E+03
   2.1015673E+00   7.6669195E+06   5.8627082E+01   6.4780002E-02   1.7411600E-01   1.5381400E+01   3.0792077E+03   1.4651959E+03   5.3453149E+09   3.9760000E+03
   1.8838570E+00   6.6446763E+06   6.3197083E+01   1.5904500E-01   1.8371300E-01   1.1390900E+01   2.7602195E+03   1.4651959E+03   5.1679891E+09   3.9780000E+03
   1.4712602E+00   7.1392366E+06   6.7011249E+01   1.2364000E-01   1.8372900E-01   8.3351002E+00   2.9720812E+03   2.0200922E+03   9.8024241E+09   3.9810000E+03
