   2.6542741E+00   5.4888236E+06   9.6494166E+01   2.2808001E-01   0.0000000E+00   3.1900000E+03
   2.6748694E+00   5.5428053E+06   9.4900831E+01   2.1562500E-01   0.0000000E+00   3.1910000E+03
   2.6218244E+00   5.4492804E+06   9.4985835E+01   2.2179501E-01   0.0000000E+00   3.1960000E+03
   2.6382351E+00   5.4903216E+06   9.7183752E+01   2.2096001E-01   0.0000000E+00   3.1970000E+03
   2.6366055E+00   5.4869304E+06   9.9422916E+01   2.2240000E-01   0.0000000E+00   3.1980000E+03
   2.5847964E+00   5.3980853E+06   9.8291246E+01   1.9877501E-01   0.0000000E+00   3.2010000E+03
   2.5834883E+00   5.4335137E+06   1.0042792E+02   1.9304001E-01   0.0000000E+00   3.2020000E+03
   2.5668855E+00   5.3985953E+06   1.0264042E+02   2.1632000E-01   0.0000000E+00   3.2040000E+03
   2.6021376E+00   5.4135501E+06   1.0218250E+02   2.0392000E-01   0.0000000E+00   3.2050000E+03
   2.2221307E+00   5.4251520E+06   1.0277542E+02   2.2489500E-01   0.0000000E+00   3.2060000E+03
   2.1581946E+00   5.4804147E+06   1.0159708E+02   2.6127501E-01   0.0000000E+00   3.2070000E+03
   2.2766431E+00   5.5057350E+06   9.1584585E+01   2.5427000E-01   0.0000000E+00   3.2090000E+03
   2.2476574E+00   5.5397527E+06   8.6913750E+01   1.8096500E-01   0.0000000E+00   3.2100000E+03
   2.0370978E+00   6.9671601E+06   8.2367080E+01   1.3530000E-01   0.0000000E+00   3.2110000E+03
   2.2893627E+00   9.3147514E+06   6.7643748E+01   1.0179000E-01   0.0000000E+00   3.2150000E+03
   2.3496208E+00   9.0247348E+06   6.5205419E+01   1.0138500E-01   0.0000000E+00   3.2160000E+03
   2.2955567E+00   8.7026023E+06   6.3188752E+01   9.4230003E-02   0.0000000E+00   3.2170000E+03
   2.2496087E+00   8.5284105E+06   6.1614585E+01   8.2945004E-02   0.0000000E+00   3.2180000E+03
   2.2520080E+00   8.5104603E+06   6.1241665E+01   6.9510002E-02   0.0000000E+00   3.2190000E+03
   2.2637044E+00   8.3916341E+06   6.2625002E+01   9.3175001E-02   0.0000000E+00   3.2200000E+03
   2.0518126E+00   7.5374888E+06   6.3528334E+01   1.0931500E-01   0.0000000E+00   3.2230000E+03
   2.0154312E+00   8.6079179E+06   6.3792501E+01   7.0075002E-02   0.0000000E+00   3.2250000E+03
   1.8679272E+00   1.1114462E+07   6.3061249E+01   6.4670000E-02   0.0000000E+00   3.2280000E+03
   1.7901679E+00   1.0651782E+07   6.6265001E+01   1.1525500E-01   0.0000000E+00   3.2290000E+03
   1.6111249E+00   6.4406690E+06   7.7915834E+01   1.9444000E-01   0.0000000E+00   3.2310000E+03
   1.5962970E+00   5.9348867E+06   8.1460002E+01   1.5553000E-01   0.0000000E+00   3.2320000E+03
   1.6521633E+00   5.7123871E+06   8.5627915E+01   2.1089001E-01   0.0000000E+00   3.2330000E+03
   1.7091503E+00   5.5874221E+06   8.3375418E+01   2.5652000E-01   0.0000000E+00   3.2380000E+03
   1.6675944E+00   5.3590353E+06   8.1378753E+01   2.5639500E-01   0.0000000E+00   3.2390000E+03
   1.6149797E+00   5.2085653E+06   7.8215001E+01   2.3850000E-01   0.0000000E+00   3.2400000E+03
   1.9439551E+00   6.2716270E+06   6.6796251E+01   1.4491500E-01   0.0000000E+00   3.2440000E+03
   2.2936947E+00   8.0569609E+06   6.3508749E+01   1.3292000E-01   0.0000000E+00   3.2450000E+03
   2.1718074E+00   8.3185845E+06   6.0820834E+01   1.3227500E-01   0.0000000E+00   3.2460000E+03
   2.0549216E+00   8.0622425E+06   6.0238332E+01   1.0498500E-01   0.0000000E+00   3.2470000E+03
   1.9863264E+00   7.7648325E+06   5.8732917E+01   1.1252000E-01   0.0000000E+00   3.2480000E+03
   2.1457143E+00   6.8320417E+06   5.5556250E+01   1.5433500E-01   0.0000000E+00   3.2530000E+03
   2.1238193E+00   6.8566054E+06   5.5930001E+01   1.2430000E-01   0.0000000E+00   3.2540000E+03
   2.1128647E+00   7.1402006E+06   5.6404167E+01   1.1201500E-01   0.0000000E+00   3.2550000E+03
   2.2073949E+00   7.3546095E+06   5.6083751E+01   1.4012500E-01   0.0000000E+00   3.2560000E+03
   2.1332285E+00   7.2070314E+06   4.5779168E+01   2.1048000E-01   0.0000000E+00   3.2590000E+03
   2.1775678E+00   7.9203581E+06   4.3405417E+01   1.5696000E-01   0.0000000E+00   3.2600000E+03
   2.0615223E+00   7.8230026E+06   4.2054584E+01   2.0274000E-01   0.0000000E+00   3.2610000E+03
   1.7686901E+00   7.1145810E+06   4.3733751E+01   1.1803000E-01   0.0000000E+00   3.2630000E+03
   1.8898936E+00   6.5242947E+06   5.1059167E+01   1.5376500E-01   0.0000000E+00   3.2650000E+03
   1.8566904E+00   6.3833387E+06   5.4368333E+01   1.3839500E-01   0.0000000E+00   3.2660000E+03
   1.8923968E+00   6.7234532E+06   5.8465415E+01   1.3084000E-01   0.0000000E+00   3.2670000E+03
   1.9667626E+00   6.8271917E+06   6.1375833E+01   1.6125500E-01   0.0000000E+00   3.2680000E+03
   2.2096078E+00   5.7097373E+06   5.8511668E+01   1.9703501E-01   0.0000000E+00   3.2710000E+03
   2.0333114E+00   5.2728903E+06   5.7989583E+01   1.1919000E-01   0.0000000E+00   3.2720000E+03
   2.6105072E+00   7.3184804E+06   5.4868750E+01   1.1334000E-01   0.0000000E+00   3.2730000E+03
   2.6251850E+00   7.8747307E+06   5.4265416E+01   9.7170000E-02   0.0000000E+00   3.2740000E+03
   2.1249363E+00   8.2137616E+06   5.2875415E+01   6.2280002E-02   0.0000000E+00   3.2760000E+03
   1.8279562E+00   8.1751494E+06   5.3703332E+01   9.2440004E-02   0.0000000E+00   3.2800000E+03
   1.7431816E+00   8.2056790E+06   5.2036667E+01   7.7690001E-02   0.0000000E+00   3.2810000E+03
   1.6477921E+00   8.2193418E+06   4.8242501E+01   1.0172500E-01   0.0000000E+00   3.2830000E+03
   1.6871337E+00   8.1080035E+06   4.6372500E+01   1.0180500E-01   0.0000000E+00   3.2850000E+03
   1.7218337E+00   8.0375768E+06   3.7347500E+01   1.2460000E-01   0.0000000E+00   3.2870000E+03
   1.7381280E+00   7.6177959E+06   3.2756251E+01   1.8191000E-01   0.0000000E+00   3.2880000E+03
   1.6736695E+00   5.5032582E+06   2.5805416E+01   2.2809500E-01   0.0000000E+00   3.2910000E+03
   1.6731520E+00   5.2065917E+06   2.4065833E+01   2.5545500E-01   0.0000000E+00   3.2920000E+03
   1.8057172E+00   5.7776490E+06   2.6693751E+01   2.4453501E-01   0.0000000E+00   3.2940000E+03
   1.8523653E+00   6.2116982E+06   2.5868751E+01   2.2926001E-01   0.0000000E+00   3.2960000E+03
   1.8010495E+00   6.2478147E+06   2.6338334E+01   2.3104000E-01   0.0000000E+00   3.2970000E+03
   1.7945090E+00   6.3229172E+06   2.5662500E+01   2.1627001E-01   0.0000000E+00   3.2980000E+03
   1.8420793E+00   6.5402594E+06   2.4816667E+01   2.2566000E-01   0.0000000E+00   3.3000000E+03
   1.8749208E+00   6.6041815E+06   2.4364584E+01   2.2891500E-01   0.0000000E+00   3.3010000E+03
   1.8196727E+00   6.4632209E+06   2.7003334E+01   2.4036501E-01   0.0000000E+00   3.3040000E+03
   1.8339358E+00   6.4097111E+06   2.7480000E+01   2.4984501E-01   0.0000000E+00   3.3050000E+03
   1.8387698E+00   6.3901542E+06   2.8242500E+01   2.5933500E-01   0.0000000E+00   3.3060000E+03
   1.8224244E+00   6.4223415E+06   3.1777916E+01   2.3839500E-01   0.0000000E+00   3.3070000E+03
   1.8069265E+00   6.8156749E+06   2.3259167E+01   2.8608500E-01   0.0000000E+00   3.3110000E+03
   1.8168248E+00   6.8302785E+06   2.3205834E+01   2.8443501E-01   0.0000000E+00   3.3120000E+03
   1.8144054E+00   6.8042584E+06   2.2802083E+01   3.0294001E-01   0.0000000E+00   3.3130000E+03
   1.7865877E+00   6.5760116E+06   2.8921249E+01   3.0982000E-01   0.0000000E+00   3.3160000E+03
   1.8320147E+00   6.4568710E+06   3.7113750E+01   3.0681000E-01   0.0000000E+00   3.3180000E+03
   1.8815725E+00   6.5537986E+06   3.8365833E+01   3.0407000E-01   0.0000000E+00   3.3190000E+03
   1.8633364E+00   6.6080254E+06   3.2222082E+01   2.9211000E-01   0.0000000E+00   3.3220000E+03
   1.8278400E+00   6.5695778E+06   2.8102916E+01   2.9038500E-01   0.0000000E+00   3.3230000E+03
   1.7972538E+00   6.9219413E+06   1.9403751E+01   2.4617001E-01   0.0000000E+00   3.3250000E+03
   1.8139785E+00   7.1049613E+06   1.8181250E+01   2.3903000E-01   0.0000000E+00   3.3260000E+03
   1.8375131E+00   6.8410620E+06   2.1481666E+01   3.1173500E-01   0.0000000E+00   3.3280000E+03
   1.8230456E+00   6.3933683E+06   2.7481251E+01   3.2678501E-01   0.0000000E+00   3.3290000E+03
   1.7770584E+00   6.1367794E+06   4.1280833E+01   3.0893000E-01   0.0000000E+00   3.3310000E+03
   1.8292909E+00   6.5663587E+06   5.2438749E+01   2.9680500E-01   0.0000000E+00   3.3330000E+03
   1.8189868E+00   6.8173202E+06   5.4402085E+01   2.3662500E-01   0.0000000E+00   3.3340000E+03
   1.8163444E+00   6.7038308E+06   5.0011667E+01   1.8513500E-01   0.0000000E+00   3.3350000E+03
   1.8797363E+00   6.8750339E+06   4.2560416E+01   1.1808000E-01   0.0000000E+00   3.3360000E+03
   2.1284573E+00   7.6793316E+06   2.4618751E+01   2.0541000E-01   0.0000000E+00   3.3390000E+03
   1.8455027E+00   7.0208619E+06   1.9877917E+01   2.5568501E-01   0.0000000E+00   3.3410000E+03
   1.8121115E+00   6.9591472E+06   1.8180834E+01   2.8436001E-01   0.0000000E+00   3.3430000E+03
   1.7674727E+00   6.9001383E+06   1.8932917E+01   2.1943001E-01   0.0000000E+00   3.3440000E+03
   1.8254505E+00   7.3144187E+06   1.5745833E+01   1.8070000E-01   0.0000000E+00   3.3460000E+03
   1.7976835E+00   5.6746801E+06   9.4895830E+00   3.4375500E-01   0.0000000E+00   3.3530000E+03
   1.7783070E+00   5.5691897E+06   8.3183333E+00   3.4283501E-01   0.0000000E+00   3.3560000E+03
   1.7561292E+00   5.5937190E+06   8.7816666E+00   3.4431000E-01   0.0000000E+00   3.3570000E+03
   1.8009139E+00   5.6262246E+06   1.0435416E+01   3.4811001E-01   0.0000000E+00   3.3600000E+03
   1.7868104E+00   5.5632594E+06   1.0740416E+01   3.4471001E-01   0.0000000E+00   3.3610000E+03
   1.7828476E+00   5.5443194E+06   1.1820417E+01   3.4129002E-01   0.0000000E+00   3.3620000E+03
   1.7586949E+00   5.9334684E+06   2.1282917E+01   2.8937000E-01   0.0000000E+00   3.3640000E+03
   1.7918064E+00   5.8566840E+06   2.6112500E+01   2.4179501E-01   0.0000000E+00   3.3650000E+03
   1.9429647E+00   5.9297821E+06   3.0371667E+01   1.9790501E-01   0.0000000E+00   3.3660000E+03
   2.0894620E+00   6.1671197E+06   4.2790000E+01   1.8329500E-01   0.0000000E+00   3.3670000E+03
   2.1676937E+00   6.8104927E+06   5.3785833E+01   1.7345501E-01   0.0000000E+00   3.3680000E+03
   2.2092415E+00   6.9236359E+06   5.9422501E+01   1.6667500E-01   0.0000000E+00   3.3690000E+03
   2.1979711E+00   6.8915253E+06   6.2234584E+01   1.5085000E-01   0.0000000E+00   3.3700000E+03
   2.1753958E+00   6.9869123E+06   6.1791251E+01   1.7395000E-01   0.0000000E+00   3.3710000E+03
   2.1335622E+00   7.2365925E+06   5.8387500E+01   1.3035000E-01   0.0000000E+00   3.3720000E+03
   2.1218409E+00   7.4179491E+06   5.5023750E+01   1.1435000E-01   0.0000000E+00   3.3730000E+03
   2.1071836E+00   7.5426289E+06   5.3654583E+01   1.2267500E-01   0.0000000E+00   3.3740000E+03
   2.0873129E+00   7.4017121E+06   5.2865834E+01   1.2933000E-01   0.0000000E+00   3.3750000E+03
   2.0861463E+00   7.2961554E+06   5.1835833E+01   1.3563000E-01   0.0000000E+00   3.3760000E+03
   2.0940277E+00   7.2705824E+06   5.0822083E+01   1.4732500E-01   0.0000000E+00   3.3770000E+03
   2.0825292E+00   7.3750280E+06   5.1204582E+01   1.4585000E-01   0.0000000E+00   3.3780000E+03
   2.0547923E+00   7.5074729E+06   5.3142501E+01   1.3844000E-01   0.0000000E+00   3.3790000E+03
   2.0212750E+00   7.7787245E+06   5.3987500E+01   1.1946000E-01   0.0000000E+00   3.3800000E+03
   1.9261110E+00   8.7685151E+06   5.0972500E+01   7.5605001E-02   0.0000000E+00   3.3820000E+03
   1.8688683E+00   8.7222937E+06   5.1701665E+01   7.5475001E-02   0.0000000E+00   3.3830000E+03
   1.7415592E+00   8.1280047E+06   5.4618334E+01   7.8315001E-02   0.0000000E+00   3.3850000E+03
   1.7634192E+00   8.2227164E+06   5.4359585E+01   1.0865500E-01   0.0000000E+00   3.3860000E+03
   1.7831406E+00   8.2551115E+06   5.0703750E+01   1.2945500E-01   0.0000000E+00   3.3870000E+03
   1.7953852E+00   7.9816071E+06   5.0935415E+01   1.3663000E-01   0.0000000E+00   3.3880000E+03
   1.8188376E+00   8.2163208E+06   5.2427500E+01   1.3663500E-01   0.0000000E+00   3.3890000E+03
   1.8003657E+00   8.3017897E+06   5.1154168E+01   1.3989000E-01   0.0000000E+00   3.3900000E+03
   1.7208647E+00   7.6526021E+06   4.7408333E+01   1.5275500E-01   0.0000000E+00   3.3910000E+03
   1.7944598E+00   6.4246567E+06   3.0731250E+01   2.9579500E-01   0.0000000E+00   3.3950000E+03
   1.7722270E+00   6.2789653E+06   2.8292500E+01   2.8919500E-01   0.0000000E+00   3.3960000E+03
   1.7846734E+00   6.2891539E+06   2.4776251E+01   2.5961500E-01   0.0000000E+00   3.3970000E+03
   1.7905345E+00   6.2803559E+06   2.1862084E+01   2.7648001E-01   0.0000000E+00   3.4000000E+03
   1.8665778E+00   6.1404011E+06   2.1550416E+01   3.1375000E-01   0.0000000E+00   3.4020000E+03
   1.8644719E+00   6.0779597E+06   1.9408333E+01   2.9047001E-01   0.0000000E+00   3.4040000E+03
   1.8852077E+00   6.1324616E+06   1.8952501E+01   2.8306000E-01   0.0000000E+00   3.4050000E+03
   1.9113960E+00   6.1770543E+06   2.0257501E+01   2.9452000E-01   0.0000000E+00   3.4080000E+03
   1.9318002E+00   6.3238464E+06   2.1828334E+01   2.7582001E-01   0.0000000E+00   3.4100000E+03
   1.9007397E+00   6.6797803E+06   2.5240417E+01   1.6302500E-01   0.0000000E+00   3.4140000E+03
   1.9293807E+00   6.8803113E+06   2.5266251E+01   2.0302000E-01   0.0000000E+00   3.4150000E+03
   1.9248183E+00   6.2726422E+06   2.5011666E+01   2.7946501E-01   0.0000000E+00   3.4180000E+03
   1.9184651E+00   6.0798544E+06   2.3805833E+01   3.0381500E-01   0.0000000E+00   3.4200000E+03
   1.9217422E+00   6.0846941E+06   2.1312084E+01   3.0101500E-01   0.0000000E+00   3.4210000E+03
   1.9196274E+00   6.1248157E+06   1.9823333E+01   2.7886000E-01   0.0000000E+00   3.4220000E+03
   1.9418031E+00   6.2757869E+06   1.8675418E+01   2.7079000E-01   0.0000000E+00   3.4230000E+03
   1.9462786E+00   6.2988033E+06   1.7736250E+01   3.0881001E-01   0.0000000E+00   3.4240000E+03
   1.9059267E+00   6.2067140E+06   1.8316249E+01   2.4868500E-01   0.0000000E+00   3.4260000E+03
   1.9052456E+00   6.2684760E+06   1.8426666E+01   2.4430500E-01   0.0000000E+00   3.4270000E+03
   1.8626431E+00   6.8271677E+06   1.8176250E+01   1.6892500E-01   0.0000000E+00   3.4290000E+03
   1.8768018E+00   7.0863908E+06   1.9375000E+01   2.4701500E-01   0.0000000E+00   3.4300000E+03
   1.9011007E+00   7.0066023E+06   1.9374166E+01   2.6693001E-01   0.0000000E+00   3.4310000E+03
   1.8803223E+00   6.1768452E+06   1.9125833E+01   3.0912001E-01   0.0000000E+00   3.4320000E+03
   1.8497973E+00   5.9141076E+06   2.3342500E+01   2.8598000E-01   0.0000000E+00   3.4340000E+03
   1.8539625E+00   5.9273368E+06   2.4130833E+01   2.7839500E-01   0.0000000E+00   3.4350000E+03
   1.9362898E+00   6.0920158E+06   2.3702083E+01   2.5586500E-01   0.0000000E+00   3.4360000E+03
   2.1259787E+00   6.6934214E+06   2.7547083E+01   2.7618500E-01   0.0000000E+00   3.4380000E+03
   2.0817419E+00   6.3933724E+06   3.1454583E+01   2.6595501E-01   0.0000000E+00   3.4390000E+03
   2.0813789E+00   5.9671227E+06   3.5290416E+01   1.6841000E-01   0.0000000E+00   3.4410000E+03
   2.0746203E+00   6.9682705E+06   3.7158333E+01   1.0371000E-01   0.0000000E+00   3.4420000E+03
   2.1773260E+00   8.5014471E+06   5.1120832E+01   1.4479500E-01   0.0000000E+00   3.4460000E+03
   1.9339001E+00   6.8847027E+06   5.4755418E+01   1.6572001E-01   0.0000000E+00   3.4470000E+03
   2.0014771E+00   6.3867838E+06   5.6166250E+01   1.7280001E-01   0.0000000E+00   3.4480000E+03
   2.1761027E+00   6.8328877E+06   5.8635834E+01   1.5658000E-01   0.0000000E+00   3.4500000E+03
   2.1420343E+00   6.7286158E+06   6.0166667E+01   1.6441000E-01   0.0000000E+00   3.4510000E+03
   2.1192288E+00   6.8201671E+06   5.7853334E+01   1.7721500E-01   0.0000000E+00   3.4520000E+03
   2.1355870E+00   6.9315027E+06   5.5224167E+01   1.5041500E-01   0.0000000E+00   3.4530000E+03
   2.1514724E+00   6.9288093E+06   5.5769585E+01   1.5342000E-01   0.0000000E+00   3.4550000E+03
   2.1473868E+00   7.0715538E+06   5.4392081E+01   1.3703000E-01   0.0000000E+00   3.4560000E+03
   2.1512410E+00   7.2462431E+06   5.2311250E+01   1.3649000E-01   0.0000000E+00   3.4570000E+03
   2.1304710E+00   7.1931469E+06   5.1279585E+01   1.7509001E-01   0.0000000E+00   3.4580000E+03
   2.0945462E+00   6.9824177E+06   5.0970834E+01   1.6470501E-01   0.0000000E+00   3.4590000E+03
   2.0497544E+00   6.8876884E+06   4.9467083E+01   1.3837500E-01   0.0000000E+00   3.4600000E+03
   2.1746940E+00   8.9474648E+06   4.4984167E+01   6.0475001E-02   0.0000000E+00   3.4630000E+03
   1.9612715E+00   8.3031931E+06   4.0824167E+01   7.4905000E-02   0.0000000E+00   3.4660000E+03
   1.7524974E+00   7.5952103E+06   4.3081667E+01   8.4925003E-02   0.0000000E+00   3.4680000E+03
   1.8619449E+00   7.7389655E+06   4.6706669E+01   1.1150500E-01   0.0000000E+00   3.4700000E+03
   1.8713783E+00   7.4228632E+06   5.0552500E+01   1.3360500E-01   0.0000000E+00   3.4710000E+03
   1.9036458E+00   6.6355848E+06   5.7407084E+01   1.7565001E-01   0.0000000E+00   3.4720000E+03
   1.9518605E+00   6.4968769E+06   6.4192083E+01   1.9839001E-01   0.0000000E+00   3.4730000E+03
   2.1352974E+00   6.4906278E+06   6.7746665E+01   1.9590000E-01   0.0000000E+00   3.4740000E+03
   2.2472693E+00   6.5537600E+06   6.9450417E+01   1.8453501E-01   0.0000000E+00   3.4750000E+03
   2.2642119E+00   6.8380873E+06   7.7414164E+01   1.8311001E-01   0.0000000E+00   3.4770000E+03
   2.2334279E+00   6.8269439E+06   7.6645001E+01   1.9205000E-01   0.0000000E+00   3.4780000E+03
   2.1985707E+00   6.9123887E+06   7.2249167E+01   1.6732000E-01   0.0000000E+00   3.4790000E+03
   2.1582165E+00   7.0797852E+06   6.7589167E+01   1.4232500E-01   0.0000000E+00   3.4800000E+03
   2.1941961E+00   7.5756576E+06   6.1072918E+01   1.2183500E-01   0.0000000E+00   3.4820000E+03
   2.1944970E+00   7.5934131E+06   5.6056668E+01   1.1132500E-01   0.0000000E+00   3.4830000E+03
   2.2151385E+00   7.6086004E+06   5.4139165E+01   1.1203500E-01   0.0000000E+00   3.4840000E+03
   2.1885933E+00   7.5389538E+06   5.3173335E+01   1.2666500E-01   0.0000000E+00   3.4860000E+03
   2.1597807E+00   8.4237642E+06   5.2978749E+01   9.3140001E-02   0.0000000E+00   3.4890000E+03
   2.0902462E+00   8.2976084E+06   5.4140418E+01   8.5675001E-02   0.0000000E+00   3.4900000E+03
   2.0290378E+00   7.8932463E+06   5.3206669E+01   1.0690500E-01   0.0000000E+00   3.4910000E+03
   2.2088838E+00   8.2870980E+06   5.0939167E+01   1.1936500E-01   0.0000000E+00   3.4980000E+03
   2.1206323E+00   7.5457759E+06   4.4316248E+01   1.2822000E-01   0.0000000E+00   3.5000000E+03
   2.1636504E+00   7.5282448E+06   4.4069167E+01   1.2416500E-01   0.0000000E+00   3.5020000E+03
   2.1700051E+00   7.8189562E+06   4.2987084E+01   9.2375002E-02   0.0000000E+00   3.5030000E+03
   2.1587854E+00   8.6186297E+06   4.6108751E+01   7.5660000E-02   0.0000000E+00   3.5050000E+03
   2.0346943E+00   8.1441042E+06   4.6315835E+01   9.4635000E-02   0.0000000E+00   3.5070000E+03
   2.0002711E+00   7.8842303E+06   5.0145001E+01   9.8020000E-02   0.0000000E+00   3.5110000E+03
   2.1183696E+00   7.8308254E+06   5.0854168E+01   1.1358500E-01   0.0000000E+00   3.5120000E+03
   2.0771123E+00   7.6283303E+06   5.3010418E+01   1.2944500E-01   0.0000000E+00   3.5130000E+03
   1.9122629E+00   6.3407867E+06   5.7791251E+01   1.9857000E-01   0.0000000E+00   3.5150000E+03
   2.1052887E+00   7.6882838E+06   5.4135417E+01   1.5107500E-01   0.0000000E+00   3.5180000E+03
   1.8520527E+00   7.5261241E+06   5.0358750E+01   8.9280005E-02   0.0000000E+00   3.5190000E+03
   1.8264735E+00   8.1862907E+06   4.8371248E+01   4.1015000E-02   0.0000000E+00   3.5200000E+03
   1.8002915E+00   7.7687054E+06   4.8718334E+01   1.3824500E-01   0.0000000E+00   3.5230000E+03
   1.8870748E+00   7.1397438E+06   4.8335416E+01   1.6082001E-01   0.0000000E+00   3.5240000E+03
   1.9181553E+00   7.1040160E+06   4.9214584E+01   1.3102500E-01   0.0000000E+00   3.5250000E+03
   2.0862310E+00   7.6177549E+06   5.1882083E+01   1.2890000E-01   0.0000000E+00   3.5260000E+03
   2.3309732E+00   8.5800216E+06   5.3207084E+01   1.1505500E-01   0.0000000E+00   3.5270000E+03
   2.1234588E+00   8.2958911E+06   5.3040001E+01   1.0250000E-01   0.0000000E+00   3.5280000E+03
   1.9216912E+00   7.9745284E+06   5.1296250E+01   1.0495500E-01   0.0000000E+00   3.5290000E+03
   1.9142716E+00   7.7663807E+06   5.0589583E+01   1.1188500E-01   0.0000000E+00   3.5300000E+03
   1.9368374E+00   7.4392623E+06   5.2900834E+01   1.1108000E-01   0.0000000E+00   3.5310000E+03
   2.0655767E+00   7.3371910E+06   5.4250419E+01   1.0150500E-01   0.0000000E+00   3.5330000E+03
   2.1018787E+00   7.1437477E+06   5.4343333E+01   1.5138500E-01   0.0000000E+00   3.5340000E+03
   2.1151486E+00   6.8170718E+06   5.7827085E+01   1.6427000E-01   0.0000000E+00   3.5350000E+03
   2.1879346E+00   6.5642896E+06   6.0355835E+01   1.5564000E-01   0.0000000E+00   3.5360000E+03
   2.2040908E+00   8.2975114E+06   5.4228751E+01   7.2395000E-02   0.0000000E+00   3.5400000E+03
   2.1232657E+00   8.1832526E+06   5.0394168E+01   1.0398000E-01   0.0000000E+00   3.5420000E+03
   2.0464732E+00   7.8237481E+06   4.7058334E+01   1.0224500E-01   0.0000000E+00   3.5430000E+03
   1.9503294E+00   8.0600853E+06   4.8062083E+01   1.0086500E-01   0.0000000E+00   3.5470000E+03
   1.9567178E+00   8.6972511E+06   4.5515833E+01   1.0211000E-01   0.0000000E+00   3.5490000E+03
   1.9626743E+00   9.0601442E+06   4.3064166E+01   1.0265500E-01   0.0000000E+00   3.5500000E+03
   1.7745498E+00   9.2782129E+06   3.9642918E+01   1.0212000E-01   0.0000000E+00   3.5520000E+03
   1.9383780E+00   9.2165130E+06   2.8077917E+01   2.0720501E-01   0.0000000E+00   3.5550000E+03
   1.8917987E+00   6.8082200E+06   2.1304166E+01   2.9375000E-01   0.0000000E+00   3.5570000E+03
   1.9432009E+00   6.7840588E+06   2.0634584E+01   2.0601500E-01   0.0000000E+00   3.5600000E+03
   1.9835658E+00   7.0946148E+06   2.0382084E+01   2.4476000E-01   0.0000000E+00   3.5620000E+03
   1.8398437E+00   6.4317354E+06   1.9787916E+01   2.5649500E-01   0.0000000E+00   3.5660000E+03
   1.9025989E+00   6.4916663E+06   1.8725001E+01   2.8656500E-01   0.0000000E+00   3.5680000E+03
   1.8798310E+00   6.4796597E+06   1.8515416E+01   2.9860001E-01   0.0000000E+00   3.5690000E+03
   1.8693258E+00   6.4083414E+06   1.6265000E+01   3.1042500E-01   0.0000000E+00   3.5700000E+03
   1.8233077E+00   6.3816072E+06   1.5441250E+01   2.8453501E-01   0.0000000E+00   3.5720000E+03
   1.8085229E+00   6.4071031E+06   1.5158750E+01   2.7318501E-01   0.0000000E+00   3.5730000E+03
   1.8210391E+00   6.4361446E+06   1.4691250E+01   2.5108500E-01   0.0000000E+00   3.5740000E+03
   1.8186723E+00   6.4377474E+06   1.4555833E+01   2.8720501E-01   0.0000000E+00   3.5750000E+03
   1.7870717E+00   6.4213674E+06   1.5108750E+01   3.0541000E-01   0.0000000E+00   3.5760000E+03
   1.7651538E+00   6.4356707E+06   1.5819166E+01   3.0006001E-01   0.0000000E+00   3.5770000E+03
   1.7783192E+00   6.4474896E+06   1.6810833E+01   2.5798000E-01   0.0000000E+00   3.5780000E+03
   1.8284588E+00   6.5651231E+06   1.7051666E+01   2.9007000E-01   0.0000000E+00   3.5800000E+03
   1.8179227E+00   6.7763047E+06   1.8548750E+01   2.5503500E-01   0.0000000E+00   3.5820000E+03
   1.8214733E+00   6.7253752E+06   1.8513333E+01   2.9495001E-01   0.0000000E+00   3.5830000E+03
   1.8080909E+00   6.6190726E+06   1.8684584E+01   2.9024500E-01   0.0000000E+00   3.5840000E+03
   1.8091637E+00   6.8205356E+06   2.0722084E+01   2.5354500E-01   0.0000000E+00   3.5870000E+03
   1.8435081E+00   7.0128070E+06   2.6344583E+01   2.4652000E-01   0.0000000E+00   3.5890000E+03
   1.8321938E+00   7.4702854E+06   3.0152917E+01   2.3165501E-01   0.0000000E+00   3.5900000E+03
   1.8413429E+00   7.4658304E+06   3.4552500E+01   1.3593000E-01   0.0000000E+00   3.5910000E+03
   1.8866843E+00   7.6504266E+06   3.5915416E+01   1.0191000E-01   0.0000000E+00   3.5920000E+03
   1.9513136E+00   8.0940707E+06   3.8447083E+01   9.7830000E-02   0.0000000E+00   3.5930000E+03
   1.9704831E+00   8.4271123E+06   4.2732501E+01   1.0500000E-01   0.0000000E+00   3.5940000E+03
   1.9286375E+00   8.1126524E+06   4.5811667E+01   1.3402000E-01   0.0000000E+00   3.5950000E+03
   1.8930081E+00   7.5233564E+06   4.9352084E+01   1.3148500E-01   0.0000000E+00   3.5960000E+03
   1.9196731E+00   7.1660390E+06   5.3956248E+01   1.2337000E-01   0.0000000E+00   3.5970000E+03
   2.1010170E+00   7.3307950E+06   5.8120832E+01   1.2822500E-01   0.0000000E+00   3.6000000E+03
   2.4862807E+00   7.7013514E+06   5.8756251E+01   6.4745002E-02   0.0000000E+00   3.6010000E+03
   3.1770203E+00   8.8605637E+06   5.9762500E+01   5.4790001E-02   0.0000000E+00   3.6020000E+03
   3.1530649E+00   8.3817870E+06   6.3502498E+01   1.2531000E-01   0.0000000E+00   3.6040000E+03
   2.4866547E+00   6.6236817E+06   7.1959170E+01   1.3955500E-01   0.0000000E+00   3.6060000E+03
   2.0425831E+00   6.4757121E+06   7.4619168E+01   1.4758500E-01   0.0000000E+00   3.6070000E+03
   2.0339391E+00   6.5690464E+06   7.4505420E+01   1.5252000E-01   0.0000000E+00   3.6080000E+03
   2.2656737E+00   7.1205088E+06   6.6409584E+01   1.4698500E-01   0.0000000E+00   3.6110000E+03
   2.2268370E+00   7.0625219E+06   6.6613335E+01   1.6326000E-01   0.0000000E+00   3.6120000E+03
   2.4200740E+00   6.5579738E+06   7.1828750E+01   2.1082001E-01   0.0000000E+00   3.6150000E+03
   2.3705982E+00   6.3817326E+06   7.3763752E+01   2.0901501E-01   0.0000000E+00   3.6160000E+03
   2.2950187E+00   6.4446037E+06   7.2233752E+01   1.8312500E-01   0.0000000E+00   3.6190000E+03
   2.1282155E+00   7.0478485E+06   6.6214584E+01   1.0497000E-01   0.0000000E+00   3.6220000E+03
   2.1432129E+00   7.6290926E+06   6.5148331E+01   8.5550003E-02   0.0000000E+00   3.6230000E+03
   2.1504049E+00   7.8765394E+06   6.1816667E+01   9.8730001E-02   0.0000000E+00   3.6240000E+03
   2.0522398E+00   7.3141056E+06   6.2822918E+01   1.2592000E-01   0.0000000E+00   3.6250000E+03
   2.0716952E+00   7.0243237E+06   6.6392502E+01   1.4719500E-01   0.0000000E+00   3.6270000E+03
   2.1312928E+00   7.0076734E+06   6.5833749E+01   1.7538500E-01   0.0000000E+00   3.6280000E+03
   2.1858033E+00   6.9753784E+06   6.6032500E+01   1.5597500E-01   0.0000000E+00   3.6300000E+03
   2.1922184E+00   7.1506720E+06   6.2737500E+01   1.6358000E-01   0.0000000E+00   3.6310000E+03
   2.1770181E+00   7.2941761E+06   6.3503750E+01   1.5295000E-01   0.0000000E+00   3.6320000E+03
   2.1240445E+00   7.3378872E+06   6.4495417E+01   1.4895000E-01   0.0000000E+00   3.6330000E+03
   2.0658616E+00   7.3323153E+06   6.1080416E+01   1.7062000E-01   0.0000000E+00   3.6340000E+03
   2.0116206E+00   7.3135369E+06   5.8071252E+01   1.5190000E-01   0.0000000E+00   3.6350000E+03
   2.0169052E+00   7.5827366E+06   6.3638748E+01   1.4902500E-01   0.0000000E+00   3.6380000E+03
   2.1648587E+00   7.0662774E+06   6.5042501E+01   1.7548500E-01   0.0000000E+00   3.6390000E+03
   2.2738055E+00   6.5476789E+06   6.6108333E+01   1.8342501E-01   0.0000000E+00   3.6400000E+03
   2.2773884E+00   6.4428557E+06   6.6094583E+01   1.8663000E-01   0.0000000E+00   3.6410000E+03
   2.2712507E+00   6.5920463E+06   6.4762084E+01   1.5972500E-01   0.0000000E+00   3.6420000E+03
   1.9546368E+00   8.3610982E+06   5.8713749E+01   1.1529500E-01   0.0000000E+00   3.6460000E+03
   2.2150151E+00   7.1330416E+06   6.0532502E+01   1.3189500E-01   0.0000000E+00   3.6510000E+03
   2.1973756E+00   7.1943750E+06   6.1564583E+01   1.3971000E-01   0.0000000E+00   3.6520000E+03
   2.1402115E+00   7.3983704E+06   5.7487084E+01   1.4581500E-01   0.0000000E+00   3.6530000E+03
   2.1031624E+00   7.8193652E+06   5.2506666E+01   1.4308000E-01   0.0000000E+00   3.6540000E+03
   2.0641654E+00   8.3729390E+06   5.1337085E+01   9.2205000E-02   0.0000000E+00   3.6550000E+03
   1.7905731E+00   7.7203624E+06   3.9186249E+01   1.9631500E-01   0.0000000E+00   3.6600000E+03
   1.7608487E+00   7.7040075E+06   3.9497083E+01   1.3721000E-01   0.0000000E+00   3.6610000E+03
   1.7839683E+00   7.9625287E+06   4.1691250E+01   1.0246000E-01   0.0000000E+00   3.6620000E+03
   1.8384354E+00   8.2481097E+06   4.3535835E+01   1.0482500E-01   0.0000000E+00   3.6630000E+03
   1.8649348E+00   8.3891002E+06   4.5939584E+01   1.0608500E-01   0.0000000E+00   3.6650000E+03
   1.8502668E+00   8.3321371E+06   4.6500416E+01   1.0833000E-01   0.0000000E+00   3.6660000E+03
   1.8525231E+00   8.1371076E+06   4.9108750E+01   1.2803000E-01   0.0000000E+00   3.6670000E+03
   1.8748497E+00   7.6765298E+06   5.0144583E+01   1.4723000E-01   0.0000000E+00   3.6680000E+03
   1.8968711E+00   7.6542322E+06   5.0512915E+01   1.8083500E-01   0.0000000E+00   3.6700000E+03
   1.8535110E+00   7.5733122E+06   5.1912500E+01   1.7964500E-01   0.0000000E+00   3.6710000E+03
   1.8006262E+00   7.5085884E+06   5.1475419E+01   1.6305500E-01   0.0000000E+00   3.6720000E+03
   1.8039615E+00   7.8500162E+06   4.9586668E+01   1.4980500E-01   0.0000000E+00   3.6740000E+03
   1.8133473E+00   7.9770119E+06   4.8132084E+01   1.5043000E-01   0.0000000E+00   3.6750000E+03
   1.7769059E+00   7.8725839E+06   4.4598751E+01   9.3065004E-02   0.0000000E+00   3.6780000E+03
   1.8058075E+00   7.9304236E+06   4.1645833E+01   1.2556500E-01   0.0000000E+00   3.6790000E+03
   1.7862257E+00   8.0395841E+06   2.9165417E+01   1.8361000E-01   0.0000000E+00   3.6810000E+03
   1.8001085E+00   7.4396437E+06   2.3925833E+01   2.2554001E-01   0.0000000E+00   3.6850000E+03
   1.8821210E+00   7.3126907E+06   2.7174167E+01   1.0236500E-01   0.0000000E+00   3.6860000E+03
   2.0030675E+00   7.8615262E+06   4.0048332E+01   8.3485003E-02   0.0000000E+00   3.6880000E+03
   2.1232528E+00   8.1898634E+06   4.9253334E+01   8.0155001E-02   0.0000000E+00   3.6910000E+03
   2.0950858E+00   8.1544450E+06   4.6838749E+01   7.5085001E-02   0.0000000E+00   3.6920000E+03
   2.0596949E+00   8.1134003E+06   4.5630000E+01   7.5475001E-02   0.0000000E+00   3.6930000E+03
   1.8967595E+00   8.0368106E+06   4.4014585E+01   1.0438000E-01   0.0000000E+00   3.6950000E+03
   1.7842420E+00   8.0109296E+06   4.3050001E+01   1.0060500E-01   0.0000000E+00   3.6960000E+03
   1.7093804E+00   8.0653965E+06   4.2376250E+01   1.3398500E-01   0.0000000E+00   3.6970000E+03
   1.6436254E+00   8.6089877E+06   4.0920834E+01   6.7855000E-02   0.0000000E+00   3.7000000E+03
   1.6590708E+00   8.7645629E+06   4.1988335E+01   1.0503500E-01   0.0000000E+00   3.7010000E+03
   1.6471369E+00   8.6074286E+06   4.1973333E+01   1.1112500E-01   0.0000000E+00   3.7020000E+03
   1.6873739E+00   8.1298961E+06   4.6285834E+01   7.1520000E-02   0.0000000E+00   3.7040000E+03
   1.6738612E+00   7.8117692E+06   4.8882500E+01   1.0558000E-01   0.0000000E+00   3.7050000E+03
   1.7215773E+00   7.7974364E+06   4.9468749E+01   8.5900002E-02   0.0000000E+00   3.7070000E+03
   1.7870022E+00   7.7052617E+06   4.9300002E+01   1.0849500E-01   0.0000000E+00   3.7080000E+03
   1.8089282E+00   7.7748252E+06   4.9377501E+01   1.2708500E-01   0.0000000E+00   3.7090000E+03
   1.8583081E+00   8.0788605E+06   4.9882082E+01   1.1723500E-01   0.0000000E+00   3.7100000E+03
   1.8622590E+00   8.2106205E+06   5.0015418E+01   1.1202000E-01   0.0000000E+00   3.7110000E+03
   1.7954581E+00   7.9181824E+06   4.9086250E+01   1.4157500E-01   0.0000000E+00   3.7120000E+03
   1.8038796E+00   7.9470709E+06   5.3621249E+01   1.1087000E-01   0.0000000E+00   3.7150000E+03
   1.7613373E+00   7.8791517E+06   5.2360415E+01   9.2880001E-02   0.0000000E+00   3.7160000E+03
   1.8970447E+00   8.2863736E+06   5.5617500E+01   8.8485003E-02   0.0000000E+00   3.7190000E+03
   1.8544517E+00   8.1229200E+06   5.2755002E+01   1.0539000E-01   0.0000000E+00   3.7200000E+03
   1.7949213E+00   7.8007737E+06   5.2211250E+01   1.4048000E-01   0.0000000E+00   3.7210000E+03
   1.7708641E+00   7.5729614E+06   5.3942918E+01   1.5495500E-01   0.0000000E+00   3.7220000E+03
   1.8039493E+00   7.4785671E+06   5.4150835E+01   1.2812500E-01   0.0000000E+00   3.7230000E+03
   1.8607031E+00   7.2986873E+06   5.4232084E+01   1.2184500E-01   0.0000000E+00   3.7240000E+03
   1.8255579E+00   7.4290114E+06   5.5447085E+01   1.1719500E-01   0.0000000E+00   3.7250000E+03
   1.8463082E+00   7.5647887E+06   5.5059582E+01   1.0940000E-01   0.0000000E+00   3.7260000E+03
   1.8721154E+00   7.3170152E+06   5.2626666E+01   1.0888000E-01   0.0000000E+00   3.7270000E+03
   1.8980940E+00   7.2912507E+06   5.4138332E+01   1.2358500E-01   0.0000000E+00   3.7290000E+03
   1.9579012E+00   7.5552275E+06   4.8022501E+01   1.2367000E-01   0.0000000E+00   3.7300000E+03
   1.9250625E+00   7.8021855E+06   4.2805834E+01   7.6890001E-02   0.0000000E+00   3.7320000E+03
   1.9676438E+00   8.7068326E+06   3.9204166E+01   4.4705000E-02   0.0000000E+00   3.7330000E+03
   1.9398808E+00   9.2406471E+06   3.4086666E+01   1.1353500E-01   0.0000000E+00   3.7340000E+03
   1.6326944E+00   8.0791820E+06   3.6357917E+01   1.8543501E-01   0.0000000E+00   3.7360000E+03
   1.6304310E+00   7.8513198E+06   4.5635834E+01   2.0191000E-01   0.0000000E+00   3.7370000E+03
   1.8098860E+00   6.4207725E+06   6.4984167E+01   1.6278000E-01   0.0000000E+00   3.7410000E+03
   2.1812689E+00   6.7834436E+06   6.8044169E+01   1.7875500E-01   0.0000000E+00   3.7420000E+03
   2.2663143E+00   6.8385668E+06   6.9632086E+01   1.8056000E-01   0.0000000E+00   3.7430000E+03
   2.1410076E+00   7.0288059E+06   6.9187498E+01   1.3821000E-01   0.0000000E+00   3.7450000E+03
   2.0865429E+00   7.1603402E+06   7.0941250E+01   1.3385000E-01   0.0000000E+00   3.7460000E+03
   2.1008084E+00   7.2428954E+06   7.4285836E+01   1.3056000E-01   0.0000000E+00   3.7470000E+03
   2.1749109E+00   6.9785792E+06   7.5304585E+01   1.7234501E-01   0.0000000E+00   3.7480000E+03
   2.2184556E+00   6.5563404E+06   7.3126668E+01   1.7313000E-01   0.0000000E+00   3.7490000E+03
   2.1906030E+00   6.8580721E+06   7.0200833E+01   1.8111500E-01   0.0000000E+00   3.7510000E+03
   2.1802109E+00   7.5167338E+06   6.1803333E+01   1.2410000E-01   0.0000000E+00   3.7530000E+03
   2.1138635E+00   7.3787288E+06   5.8857918E+01   1.3577000E-01   0.0000000E+00   3.7550000E+03
   2.1453769E+00   7.3118965E+06   6.1907502E+01   1.4630500E-01   0.0000000E+00   3.7560000E+03
   2.1873486E+00   7.2661732E+06   6.5122083E+01   1.2649000E-01   0.0000000E+00   3.7570000E+03
   2.2224510E+00   7.0046776E+06   6.5232917E+01   1.4269000E-01   0.0000000E+00   3.7580000E+03
   2.2687934E+00   6.8018821E+06   6.2152917E+01   1.5884500E-01   0.0000000E+00   3.7590000E+03
   2.2474104E+00   6.6408287E+06   5.4801667E+01   2.1203501E-01   0.0000000E+00   3.7610000E+03
   2.1822335E+00   7.3803018E+06   5.1233332E+01   1.4714000E-01   0.0000000E+00   3.7620000E+03
   2.1744537E+00   8.4474841E+06   4.6908332E+01   1.0632500E-01   0.0000000E+00   3.7630000E+03
   2.1145704E+00   9.1341048E+06   4.3324584E+01   6.3585000E-02   0.0000000E+00   3.7640000E+03
   1.8223337E+00   8.7626271E+06   4.5590418E+01   5.7835002E-02   0.0000000E+00   3.7660000E+03
   1.7636003E+00   8.2093348E+06   5.0003749E+01   5.4955001E-02   0.0000000E+00   3.7670000E+03
   1.7702296E+00   7.2567928E+06   5.6367917E+01   9.4370003E-02   0.0000000E+00   3.7690000E+03
   1.9295712E+00   7.5743201E+06   6.3805001E+01   1.3956000E-01   0.0000000E+00   3.7740000E+03
   1.9541103E+00   7.3737507E+06   7.2909581E+01   7.8600001E-02   0.0000000E+00   3.7760000E+03
   2.0390560E+00   7.5712427E+06   7.2333751E+01   8.9645004E-02   0.0000000E+00   3.7770000E+03
   2.2210306E+00   6.8116374E+06   7.5153749E+01   1.5175500E-01   0.0000000E+00   3.7790000E+03
   2.2615112E+00   7.5090828E+06   7.8250417E+01   1.0275500E-01   0.0000000E+00   3.7810000E+03
   2.2540598E+00   7.7705826E+06   7.7177501E+01   1.1297000E-01   0.0000000E+00   3.7820000E+03
   2.1187022E+00   7.3951573E+06   7.6303752E+01   1.3433500E-01   0.0000000E+00   3.7830000E+03
   1.9758253E+00   6.7385317E+06   7.4775004E+01   1.4081500E-01   0.0000000E+00   3.7840000E+03
   1.9820333E+00   6.5430589E+06   7.3592498E+01   1.4068500E-01   0.0000000E+00   3.7850000E+03
   1.8965519E+00   6.4890583E+06   7.0317087E+01   1.3860000E-01   0.0000000E+00   3.7860000E+03
   2.1215690E+00   7.9855121E+06   6.2467916E+01   1.0960500E-01   0.0000000E+00   3.7890000E+03
   2.0621878E+00   7.6455533E+06   5.9820418E+01   1.0793000E-01   0.0000000E+00   3.7900000E+03
   2.0382581E+00   7.7512489E+06   6.1727084E+01   6.7965002E-02   0.0000000E+00   3.7920000E+03
   2.1242936E+00   8.0478014E+06   6.5342918E+01   8.2725000E-02   0.0000000E+00   3.7930000E+03
   2.1434527E+00   7.8136893E+06   6.7554165E+01   1.1767000E-01   0.0000000E+00   3.7940000E+03
   2.0450902E+00   7.3693419E+06   7.0018749E+01   1.2303500E-01   0.0000000E+00   3.7950000E+03
   2.0048017E+00   7.1163666E+06   7.8426250E+01   1.4019500E-01   0.0000000E+00   3.7970000E+03
   2.0117210E+00   6.5358898E+06   7.1945418E+01   1.3898500E-01   0.0000000E+00   3.8000000E+03
   2.1757233E+00   8.8234888E+06   7.2371670E+01   4.8985000E-02   0.0000000E+00   3.8020000E+03
   1.8237236E+00   7.9261653E+06   6.4137500E+01   1.5225000E-01   0.0000000E+00   3.8040000E+03
   1.7114836E+00   7.1188148E+06   6.3629584E+01   1.2426500E-01   0.0000000E+00   3.8050000E+03
   1.7480329E+00   7.3037246E+06   6.4455416E+01   5.1250000E-02   0.0000000E+00   3.8060000E+03
   1.7831545E+00   7.9818181E+06   6.6944167E+01   1.2674500E-01   0.0000000E+00   3.8070000E+03
   1.9516060E+00   6.6881788E+06   7.8756664E+01   1.8837500E-01   0.0000000E+00   3.8110000E+03
   1.9391191E+00   5.9507341E+06   8.1725834E+01   1.9770000E-01   0.0000000E+00   3.8120000E+03
   2.0772142E+00   5.8286761E+06   8.3621249E+01   1.7785500E-01   0.0000000E+00   3.8130000E+03
   2.3898758E+00   6.4503407E+06   7.5720836E+01   1.4864500E-01   0.0000000E+00   3.8150000E+03
   2.4060626E+00   6.8530528E+06   7.5109580E+01   1.3784000E-01   0.0000000E+00   3.8160000E+03
   2.3201254E+00   6.9877755E+06   7.3851249E+01   1.3752500E-01   0.0000000E+00   3.8170000E+03
   2.2489679E+00   7.0005070E+06   6.9631667E+01   1.4317000E-01   0.0000000E+00   3.8180000E+03
   2.2132974E+00   7.0134906E+06   6.7437083E+01   1.5665500E-01   0.0000000E+00   3.8190000E+03
   2.1435942E+00   7.1875582E+06   6.3071249E+01   1.2816500E-01   0.0000000E+00   3.8200000E+03
   2.2104649E+00   8.9049131E+06   5.0880000E+01   7.5390000E-02   0.0000000E+00   3.8220000E+03
   2.1243894E+00   9.0151697E+06   4.9132498E+01   8.9770002E-02   0.0000000E+00   3.8230000E+03
   2.0124537E+00   8.8893440E+06   4.9627083E+01   1.0401000E-01   0.0000000E+00   3.8240000E+03
   1.7906289E+00   7.6382434E+06   6.7847918E+01   1.2330500E-01   0.0000000E+00   3.8290000E+03
   1.9397506E+00   6.9329202E+06   7.4491667E+01   1.5334000E-01   0.0000000E+00   3.8300000E+03
   2.0321382E+00   6.5193910E+06   7.9292498E+01   1.6176500E-01   0.0000000E+00   3.8310000E+03
   2.0569634E+00   6.5123640E+06   8.0720000E+01   1.7417500E-01   0.0000000E+00   3.8330000E+03
   2.0388684E+00   6.4102038E+06   8.0104168E+01   1.6288500E-01   0.0000000E+00   3.8340000E+03
   1.9594758E+00   6.7353135E+06   7.6563748E+01   1.5744500E-01   0.0000000E+00   3.8360000E+03
   1.9746590E+00   6.7355222E+06   6.9486252E+01   1.2423000E-01   0.0000000E+00   3.8380000E+03
   2.0972177E+00   7.0935185E+06   6.6780001E+01   1.2111000E-01   0.0000000E+00   3.8390000E+03
   2.2049807E+00   7.3354295E+06   6.3775415E+01   1.2873000E-01   0.0000000E+00   3.8400000E+03
   2.2281150E+00   7.4002394E+06   6.1821251E+01   1.2764000E-01   0.0000000E+00   3.8410000E+03
   2.2054503E+00   7.2746811E+06   5.8705833E+01   1.2264000E-01   0.0000000E+00   3.8420000E+03
   2.2401895E+00   7.8024309E+06   5.2575833E+01   9.3085003E-02   0.0000000E+00   3.8440000E+03
   2.1810063E+00   7.9721573E+06   5.4876668E+01   1.0686500E-01   0.0000000E+00   3.8450000E+03
   2.0332144E+00   8.1446933E+06   6.4473749E+01   1.1049000E-01   0.0000000E+00   3.8480000E+03
   2.0222516E+00   7.6506094E+06   6.7846668E+01   1.7000000E-01   0.0000000E+00   3.8490000E+03
   2.0752872E+00   6.6094102E+06   7.0732085E+01   1.8179501E-01   0.0000000E+00   3.8500000E+03
   2.1603195E+00   6.3981495E+06   7.3242087E+01   1.7367500E-01   0.0000000E+00   3.8510000E+03
   2.4143902E+00   6.7208932E+06   7.3536664E+01   1.8145500E-01   0.0000000E+00   3.8530000E+03
   2.2294089E+00   6.8878087E+06   7.0586667E+01   1.7118000E-01   0.0000000E+00   3.8560000E+03
   2.2098405E+00   7.3304022E+06   6.9662081E+01   1.3328000E-01   0.0000000E+00   3.8570000E+03
   2.1935176E+00   7.6575495E+06   6.6373750E+01   1.2326500E-01   0.0000000E+00   3.8580000E+03
   2.0665506E+00   7.1735033E+06   6.2540833E+01   1.3876000E-01   0.0000000E+00   3.8600000E+03
   2.1073204E+00   7.2588306E+06   6.2217502E+01   1.2010500E-01   0.0000000E+00   3.8610000E+03
   2.1870530E+00   7.5669573E+06   5.9092082E+01   1.0475500E-01   0.0000000E+00   3.8620000E+03
   2.1893326E+00   7.8435390E+06   5.3658334E+01   1.0870500E-01   0.0000000E+00   3.8640000E+03
   2.0769521E+00   7.5159380E+06   5.3118749E+01   1.3578500E-01   0.0000000E+00   3.8650000E+03
   2.0579877E+00   7.4925318E+06   4.9027500E+01   1.6444500E-01   0.0000000E+00   3.8660000E+03
   2.1068219E+00   7.7489748E+06   4.6879584E+01   1.5007500E-01   0.0000000E+00   3.8670000E+03
   2.1496422E+00   7.8716289E+06   4.6189167E+01   1.0917000E-01   0.0000000E+00   3.8680000E+03
   2.1347033E+00   7.9115873E+06   4.1349584E+01   8.5150003E-02   0.0000000E+00   3.8700000E+03
   2.0341237E+00   7.8409583E+06   4.1028751E+01   1.6036501E-01   0.0000000E+00   3.8720000E+03
   1.9797527E+00   7.6672494E+06   3.8656667E+01   1.7084000E-01   0.0000000E+00   3.8730000E+03
   1.8858512E+00   7.5293093E+06   3.5202500E+01   2.0530001E-01   0.0000000E+00   3.8740000E+03
   1.8403837E+00   7.5609731E+06   3.1115417E+01   1.5978500E-01   0.0000000E+00   3.8750000E+03
   1.8245711E+00   7.4975555E+06   2.6617917E+01   1.2548500E-01   0.0000000E+00   3.8760000E+03
   1.7478965E+00   6.8624451E+06   1.5397083E+01   3.1552500E-01   0.0000000E+00   3.8800000E+03
   1.7592246E+00   6.7515104E+06   1.4629167E+01   2.8007500E-01   0.0000000E+00   3.8810000E+03
   1.8114970E+00   6.8324980E+06   1.4263333E+01   2.2062000E-01   0.0000000E+00   3.8820000E+03
   1.8666421E+00   6.9145896E+06   1.3843333E+01   2.3097000E-01   0.0000000E+00   3.8830000E+03
   1.8630606E+00   6.7966966E+06   1.2493333E+01   3.1582500E-01   0.0000000E+00   3.8850000E+03
   1.8685435E+00   6.4568285E+06   1.2344167E+01   3.1915001E-01   0.0000000E+00   3.8870000E+03
   1.8550923E+00   6.4404266E+06   1.4381667E+01   3.1961000E-01   0.0000000E+00   3.8880000E+03
   1.8601545E+00   6.4914147E+06   1.5940833E+01   2.9674000E-01   0.0000000E+00   3.8890000E+03
   1.8644465E+00   6.9035322E+06   1.3738750E+01   2.0145500E-01   0.0000000E+00   3.8920000E+03
   1.8978173E+00   7.0345577E+06   1.3171250E+01   2.3347000E-01   0.0000000E+00   3.8930000E+03
   1.8781556E+00   6.9216415E+06   1.1968333E+01   3.2197498E-01   0.0000000E+00   3.8940000E+03
   1.8365965E+00   6.6596814E+06   8.3220833E+00   2.8007500E-01   0.0000000E+00   3.8970000E+03
   1.8359267E+00   6.6682922E+06   8.2820835E+00   3.0966000E-01   0.0000000E+00   3.9000000E+03
   1.8421118E+00   6.6987471E+06   7.8883335E+00   3.0451000E-01   0.0000000E+00   3.9010000E+03
   1.8513267E+00   6.7802323E+06   1.0625000E+01   2.8537500E-01   0.0000000E+00   3.9030000E+03
   1.8550407E+00   6.7740270E+06   1.1038750E+01   3.0641001E-01   0.0000000E+00   3.9040000E+03
   1.8338239E+00   6.6111325E+06   1.1661250E+01   3.1191000E-01   0.0000000E+00   3.9070000E+03
   1.8921524E+00   6.7785256E+06   1.1643750E+01   3.0826000E-01   0.0000000E+00   3.9110000E+03
   1.8838932E+00   6.7212743E+06   9.5170833E+00   3.0596500E-01   0.0000000E+00   3.9120000E+03
   1.8616785E+00   6.6176348E+06   8.8329168E+00   3.0931000E-01   0.0000000E+00   3.9130000E+03
   1.8402815E+00   6.5091475E+06   1.0811250E+01   3.1638000E-01   0.0000000E+00   3.9140000E+03
   1.8137815E+00   6.5627413E+06   1.5164167E+01   3.0739000E-01   0.0000000E+00   3.9160000E+03
   1.8272730E+00   6.6318709E+06   1.9366667E+01   3.0760000E-01   0.0000000E+00   3.9170000E+03
   1.8867927E+00   6.8909400E+06   4.6390834E+01   1.5702500E-01   0.0000000E+00   3.9210000E+03
   2.1457989E+00   7.4671514E+06   6.0172916E+01   6.8245001E-02   0.0000000E+00   3.9240000E+03
   1.9852240E+00   7.1054305E+06   6.1887501E+01   1.2071000E-01   0.0000000E+00   3.9250000E+03
   2.0081815E+00   6.3566590E+06   6.8631667E+01   1.2032000E-01   0.0000000E+00   3.9270000E+03
   3.0009530E+00   7.5740230E+06   6.4483752E+01   1.0539000E-01   0.0000000E+00   3.9300000E+03
   2.8509752E+00   7.1954979E+06   6.4578333E+01   1.0432500E-01   0.0000000E+00   3.9310000E+03
   2.6419750E+00   6.6680080E+06   6.6234582E+01   1.2611500E-01   0.0000000E+00   3.9320000E+03
   2.5542678E+00   6.4466462E+06   6.5303333E+01   1.3146000E-01   0.0000000E+00   3.9330000E+03
   2.6576906E+00   6.7329637E+06   6.1383751E+01   1.0064000E-01   0.0000000E+00   3.9340000E+03
   2.8074529E+00   7.1278827E+06   5.9638333E+01   1.0839000E-01   0.0000000E+00   3.9350000E+03
   3.0526427E+00   7.2684211E+06   6.0318334E+01   1.0909500E-01   0.0000000E+00   3.9360000E+03
   3.0947692E+00   6.8714379E+06   6.3392501E+01   1.0839000E-01   0.0000000E+00   3.9370000E+03
   3.0552176E+00   6.7923742E+06   6.4082918E+01   1.0178500E-01   0.0000000E+00   3.9380000E+03
   2.9387515E+00   7.4358276E+06   6.3185000E+01   6.3045001E-02   0.0000000E+00   3.9410000E+03
   2.9507884E+00   7.4662843E+06   6.5711252E+01   1.1546500E-01   0.0000000E+00   3.9420000E+03
   2.7922936E+00   7.0652500E+06   6.6674582E+01   1.0388500E-01   0.0000000E+00   3.9430000E+03
   2.5209218E+00   6.3573059E+06   6.1147916E+01   1.1026000E-01   0.0000000E+00   3.9450000E+03
   2.8239186E+00   6.8930383E+06   5.6802502E+01   1.0918500E-01   0.0000000E+00   3.9460000E+03
   2.8629640E+00   6.9172747E+06   5.5452500E+01   1.0915500E-01   0.0000000E+00   3.9480000E+03
   3.5556212E+00   8.5885569E+06   5.1044585E+01   4.4035001E-02   0.0000000E+00   3.9490000E+03
   4.1536506E+00   1.0311831E+07   4.4556251E+01   4.2100000E-03   0.0000000E+00   3.9500000E+03
   3.9120784E+00   9.7121052E+06   4.0767917E+01   4.7560000E-02   0.0000000E+00   3.9510000E+03
   3.3067722E+00   8.2093752E+06   3.8250416E+01   1.0665000E-01   0.0000000E+00   3.9530000E+03
   3.1890649E+00   8.0909623E+06   3.3420834E+01   6.5460000E-02   0.0000000E+00   3.9540000E+03
   3.6172354E+00   9.1425443E+06   3.2332918E+01   1.4075000E-02   0.0000000E+00   3.9550000E+03
   3.9218068E+00   9.9123468E+06   3.6728332E+01   1.4505000E-02   0.0000000E+00   3.9560000E+03
   4.7679159E+00   1.2050883E+07   4.0402082E+01  -1.7700000E-03   0.0000000E+00   3.9570000E+03
   4.8573850E+00   1.2277016E+07   4.3543333E+01   2.1050000E-03   0.0000000E+00   3.9580000E+03
   4.7545437E+00   1.1643611E+07   4.4727918E+01   3.0755000E-02   0.0000000E+00   3.9590000E+03
   3.5328763E+00   8.6713444E+06   4.0957082E+01   7.8940001E-02   0.0000000E+00   3.9610000E+03
   3.1678128E+00   7.7753064E+06   3.6707083E+01   1.2464500E-01   0.0000000E+00   3.9620000E+03
   3.1116653E+00   7.6374939E+06   3.0459584E+01   1.0026000E-01   0.0000000E+00   3.9630000E+03
   3.4384859E+00   8.5226960E+06   2.5675000E+01   4.2135000E-02   0.0000000E+00   3.9640000E+03
   3.9674005E+00   9.8336737E+06   2.4687083E+01   1.7530000E-02   0.0000000E+00   3.9650000E+03
   4.4279809E+00   1.0975277E+07   2.6280000E+01   1.6885000E-02   0.0000000E+00   3.9660000E+03
   4.0717622E+00   1.0092347E+07   3.8459583E+01   1.2257500E-01   0.0000000E+00   3.9680000E+03
   3.9119420E+00   9.3050868E+06   4.6177081E+01   1.2907000E-01   0.0000000E+00   3.9690000E+03
   1.9218747E+00   6.9330838E+06   6.3364168E+01   1.1121500E-01   0.0000000E+00   3.9730000E+03
   1.9062450E+00   6.9543465E+06   6.4412498E+01   1.3296500E-01   0.0000000E+00   3.9740000E+03
   1.9511670E+00   7.1182307E+06   6.0382918E+01   1.0397000E-01   0.0000000E+00   3.9750000E+03
   2.1015673E+00   7.6669195E+06   5.8627082E+01   6.4780002E-02   0.0000000E+00   3.9760000E+03
   2.2377231E+00   8.1636420E+06   6.2558752E+01   7.2340002E-02   0.0000000E+00   3.9770000E+03
   1.8838570E+00   6.6446763E+06   6.3197083E+01   1.5904500E-01   0.0000000E+00   3.9780000E+03
   1.4229553E+00   6.9048390E+06   6.7110416E+01   1.1155500E-01   0.0000000E+00   3.9800000E+03
   1.4712602E+00   7.1392366E+06   6.7011249E+01   1.2364000E-01   0.0000000E+00   3.9810000E+03
