   1.7953852E+00   7.9816071E+06   5.0935415E+01   1.3663000E-01   1.4052000E-01   0.0000000E+00   3.3242845E+03   1.8515718E+03   8.2313916E+09   3.3880000E+03
   1.8188376E+00   8.2163208E+06   5.2427500E+01   1.3663500E-01   1.5095700E-01   3.4029999E-01   3.4494818E+03   1.8965309E+03   8.5672882E+09   3.3890000E+03
   1.8003657E+00   8.3017897E+06   5.1154168E+01   1.3989000E-01   1.6084801E-01   6.7049998E-01   3.4853644E+03   1.9359202E+03   8.9268545E+09   3.3900000E+03
   1.7208647E+00   7.6526021E+06   4.7408333E+01   1.5275500E-01   1.7439600E-01   7.7219999E-01   3.2128141E+03   1.8669766E+03   8.3023549E+09   3.3910000E+03
   1.7598990E+00   7.3171711E+06   4.2037915E+01   2.1243000E-01   2.0309900E-01   5.8850002E-01   3.0719891E+03   1.7455485E+03   7.2575056E+09   3.3920000E+03
   1.8192468E+00   6.7175296E+06   3.6816250E+01   2.5904499E-01   2.2378599E-01   3.9590001E-01   3.0549500E+03   1.6792389E+03   6.2005533E+09   3.3930000E+03
   1.8281227E+00   6.6802090E+06   3.2251251E+01   2.7948999E-01   2.3797899E-01   8.4570003E-01   3.0401898E+03   1.6630119E+03   6.0768720E+09   3.3940000E+03
   1.7944598E+00   6.4246567E+06   3.0731250E+01   2.9579500E-01   2.5500999E-01   1.4705000E+00   2.9238869E+03   1.6293968E+03   5.8336859E+09   3.3950000E+03
   1.7722270E+00   6.2789653E+06   2.8292500E+01   2.8919500E-01   2.7309200E-01   1.6571000E+00   2.8575822E+03   1.6124245E+03   5.7127883E+09   3.3960000E+03
   1.7846734E+00   6.2891539E+06   2.4776251E+01   2.5961500E-01   2.8009399E-01   1.7917000E+00   2.8622191E+03   1.6037775E+03   5.6516802E+09   3.3970000E+03
   1.7900498E+00   6.2864757E+06   2.2766250E+01   2.7643999E-01   2.8262600E-01   2.1314001E+00   2.8806651E+03   1.6092653E+03   5.6515787E+09   3.3980000E+03
   1.8049575E+00   6.3302874E+06   2.2027917E+01   2.7326500E-01   2.8444401E-01   1.8925000E+00   2.9007410E+03   1.6070965E+03   5.6363559E+09   3.3990000E+03
   1.7905345E+00   6.2803559E+06   2.1862084E+01   2.7648001E-01   2.9015400E-01   1.6374000E+00   2.8778608E+03   1.6072635E+03   5.6375269E+09   3.4000000E+03
   1.8067186E+00   6.1749965E+06   2.2143333E+01   2.9742500E-01   2.9794399E-01   2.5520999E+00   2.8295817E+03   1.5661441E+03   5.3527619E+09   3.4010000E+03
   1.8665778E+00   6.1404011E+06   2.1550416E+01   3.1375000E-01   3.0085800E-01   3.9858999E+00   2.8137290E+03   1.5074266E+03   4.9589168E+09   3.4020000E+03
   1.8688403E+00   6.0439236E+06   1.9832499E+01   3.3828499E-01   2.9802601E-01   4.5422001E+00   2.7941027E+03   1.4950997E+03   4.8352277E+09   3.4030000E+03
   1.8644719E+00   6.0779597E+06   1.9408333E+01   2.9047001E-01   2.9917400E-01   4.7055001E+00   2.8056869E+03   1.5048159E+03   4.9055232E+09   3.4040000E+03
   1.8852077E+00   6.1324616E+06   1.8952501E+01   2.8306000E-01   3.0038300E-01   5.4935999E+00   2.8308459E+03   1.5016096E+03   4.8846411E+09   3.4050000E+03
   1.8957797E+00   6.1904443E+06   1.8897500E+01   2.7014999E-01   2.9904900E-01   5.5791998E+00   2.8576117E+03   1.5073543E+03   4.9220869E+09   3.4060000E+03
   1.9092839E+00   6.1725912E+06   1.9458751E+01   2.6456499E-01   2.9408400E-01   4.5247998E+00   2.8493704E+03   1.4923765E+03   4.8247566E+09   3.4070000E+03
   1.9113960E+00   6.1770543E+06   2.0257501E+01   2.9452000E-01   2.8682800E-01   3.5850000E+00   2.8287100E+03   1.4799184E+03   4.7826490E+09   3.4080000E+03
   1.8987493E+00   6.1992095E+06   2.1451666E+01   2.6988501E-01   2.8414400E-01   4.1466999E+00   2.8388557E+03   1.4951188E+03   4.8813998E+09   3.4090000E+03
   1.9318002E+00   6.3238464E+06   2.1828334E+01   2.7582001E-01   2.8288799E-01   4.8411002E+00   2.8959318E+03   1.4990845E+03   4.9073294E+09   3.4100000E+03
   1.9595979E+00   6.3313897E+06   2.1392918E+01   3.0108999E-01   2.7848000E-01   4.9984002E+00   2.8993861E+03   1.4795822E+03   4.7804763E+09   3.4110000E+03
   1.9414499E+00   6.5517660E+06   2.1828334E+01   2.7605499E-01   2.6670099E-01   4.5416999E+00   2.8609081E+03   1.4735936E+03   4.9729020E+09   3.4120000E+03
   1.9058034E+00   6.5226900E+06   2.3611668E+01   2.2046499E-01   2.5757299E-01   4.0345001E+00   2.8773611E+03   1.5097891E+03   5.1673148E+09   3.4130000E+03
   1.9007397E+00   6.6797803E+06   2.5240417E+01   1.6302500E-01   2.5363899E-01   3.7500999E+00   2.9466585E+03   1.5502694E+03   5.4481206E+09   3.4140000E+03
   1.9293807E+00   6.8803113E+06   2.5266251E+01   2.0302000E-01   2.5061800E-01   3.1921999E+00   3.0351189E+03   1.5731053E+03   5.6098075E+09   3.4150000E+03
   1.9437012E+00   6.9018919E+06   2.5377500E+01   2.2775999E-01   2.4679701E-01   2.5551000E+00   3.0446388E+03   1.5664130E+03   5.5621784E+09   3.4160000E+03
   1.9293073E+00   6.7256720E+06   2.5928332E+01   2.6077499E-01   2.4693600E-01   2.2860999E+00   2.9669027E+03   1.5378072E+03   5.3608809E+09   3.4170000E+03
   1.9248183E+00   6.2726422E+06   2.5011666E+01   2.7946501E-01   2.5366100E-01   2.5402999E+00   2.8849020E+03   1.4987918E+03   4.8842972E+09   3.4180000E+03
   1.9243806E+00   6.1362042E+06   2.4906666E+01   2.9639999E-01   2.7418100E-01   2.9942999E+00   2.8221516E+03   1.4665247E+03   4.6762552E+09   3.4190000E+03
   1.9184651E+00   6.0798544E+06   2.3805833E+01   3.0381500E-01   2.8741100E-01   2.7916999E+00   2.7962354E+03   1.4575378E+03   4.6191183E+09   3.4200000E+03
   1.9217422E+00   6.0846941E+06   2.1312084E+01   3.0101500E-01   2.9116199E-01   2.1550000E+00   2.7984612E+03   1.4562105E+03   4.6107098E+09   3.4210000E+03
   1.9196274E+00   6.1248157E+06   1.9823333E+01   2.7886000E-01   2.9277300E-01   1.9908000E+00   2.8041459E+03   1.4607761E+03   4.6607921E+09   3.4220000E+03
   1.9418031E+00   6.2757869E+06   1.8675418E+01   2.7079000E-01   2.9209200E-01   2.6070001E+00   2.8506868E+03   1.4680617E+03   4.7446842E+09   3.4230000E+03
   1.9462786E+00   6.2988033E+06   1.7736250E+01   3.0881001E-01   2.8880400E-01   3.4181001E+00   2.8611417E+03   1.4700577E+03   4.7575944E+09   3.4240000E+03
   1.9206479E+00   6.2367990E+06   1.7270417E+01   3.0434500E-01   2.8257200E-01   4.0516000E+00   2.8329771E+03   1.4750112E+03   4.7897109E+09   3.4250000E+03
   1.9059267E+00   6.2067140E+06   1.8316249E+01   2.4868500E-01   2.7403900E-01   4.5587001E+00   2.8193115E+03   1.4792340E+03   4.8171749E+09   3.4260000E+03
   1.9052456E+00   6.2684760E+06   1.8426666E+01   2.4430500E-01   2.6093100E-01   4.4791999E+00   2.8473660E+03   1.4944877E+03   4.9170355E+09   3.4270000E+03
   1.8831980E+00   6.5890424E+06   1.7803749E+01   2.2167999E-01   2.5349600E-01   4.2859001E+00   2.9015114E+03   1.5407363E+03   5.3908173E+09   3.4280000E+03
   1.8626431E+00   6.8271677E+06   1.8176250E+01   1.6892500E-01   2.5159201E-01   4.6395998E+00   3.0063709E+03   1.6140349E+03   5.9159409E+09   3.4290000E+03
   1.8768018E+00   7.0863908E+06   1.9375000E+01   2.4701500E-01   2.5151600E-01   5.0492001E+00   3.1205208E+03   1.6626800E+03   6.2779140E+09   3.4300000E+03
   1.9011007E+00   7.0066023E+06   1.9374166E+01   2.6693001E-01   2.5050501E-01   4.4868002E+00   3.0853856E+03   1.6229470E+03   5.9814529E+09   3.4310000E+03
   1.8803223E+00   6.1768452E+06   1.9125833E+01   3.0912001E-01   2.5130501E-01   3.6988001E+00   2.8400593E+03   1.5104109E+03   4.9616888E+09   3.4320000E+03
   1.8603843E+00   5.9619524E+06   2.0404583E+01   3.1049999E-01   2.5491600E-01   3.3783000E+00   2.7192484E+03   1.4616595E+03   4.6841633E+09   3.4330000E+03
   1.8497973E+00   5.9141076E+06   2.3342500E+01   2.8598000E-01   2.5892300E-01   3.2142999E+00   2.6974264E+03   1.4582281E+03   4.6621962E+09   3.4340000E+03
   1.8539625E+00   5.9273368E+06   2.4130833E+01   2.7839500E-01   2.5729601E-01   2.8475001E+00   2.7034602E+03   1.4582065E+03   4.6620580E+09   3.4350000E+03
   1.9362898E+00   6.0920158E+06   2.3702083E+01   2.5586500E-01   2.5523399E-01   2.3062999E+00   2.7785703E+03   1.4349972E+03   4.5148332E+09   3.4360000E+03
   2.0699838E+00   6.3803257E+06   2.4892501E+01   2.3896000E-01   2.5507000E-01   2.1998999E+00   2.9100686E+03   1.4058412E+03   4.3332342E+09   3.4370000E+03
   2.1259787E+00   6.6934214E+06   2.7547083E+01   2.7618500E-01   2.4422300E-01   2.0323999E+00   2.9577646E+03   1.3912485E+03   4.3802001E+09   3.4380000E+03
   2.0817419E+00   6.3933724E+06   3.1454583E+01   2.6595501E-01   2.3138300E-01   1.3579000E+00   2.8251756E+03   1.3571210E+03   4.1679422E+09   3.4390000E+03
   2.0327700E+00   5.8989544E+06   3.4458335E+01   2.2323999E-01   2.1882999E-01   1.3625000E+00   2.6066966E+03   1.2823372E+03   3.7212515E+09   3.4400000E+03
   2.0813789E+00   5.9671227E+06   3.5290416E+01   1.6841000E-01   2.0215500E-01   1.7839000E+00   2.6368195E+03   1.2668619E+03   3.6319771E+09   3.4410000E+03
   2.0746203E+00   6.9682705E+06   3.7158333E+01   1.0371000E-01   1.8119499E-01   1.6895000E+00   2.7786388E+03   1.3393481E+03   4.4986258E+09   3.4420000E+03
   2.3051729E+00   8.3555812E+06   4.1872500E+01   4.9184999E-02   1.6339899E-01   0.0000000E+00   3.3687785E+03   1.4613995E+03   5.2971480E+09   3.4430000E+03
   2.2877283E+00   9.1328726E+06   4.5314585E+01   5.4229999E-02   1.4329800E-01   0.0000000E+00   3.6821646E+03   1.6095288E+03   6.4254229E+09   3.4440000E+03
   2.2320792E+00   9.1844657E+06   4.7237499E+01   7.9140000E-02   1.2377300E-01   0.0000000E+00   3.7029657E+03   1.6589760E+03   6.8262845E+09   3.4450000E+03
   2.1773260E+00   8.5014471E+06   5.1120832E+01   1.4479500E-01   1.2328400E-01   0.0000000E+00   3.4275883E+03   1.5742192E+03   6.1465952E+09   3.4460000E+03
   2.0977608E+00   7.4519231E+06   3.7931251E+01   2.0493200E-01   2.0493200E-01   2.2219400E+01   3.0831291E+03   1.4697239E+03   5.2209334E+09   3.2670000E+03
   2.1740901E+00   8.1328021E+06   4.1326667E+01   2.0983400E-01   2.0983400E-01   1.6488400E+01   3.2804141E+03   1.5088676E+03   5.6443482E+09   3.2680000E+03
   2.1064807E+00   7.8120007E+06   3.9830415E+01   1.9232300E-01   1.9232300E-01   1.2425700E+01   3.3241141E+03   1.5780416E+03   5.8522550E+09   3.2690000E+03
   2.0447874E+00   7.7650530E+06   3.7780833E+01   1.6923800E-01   1.6923800E-01   1.1071800E+01   3.2819329E+03   1.6050240E+03   6.0950573E+09   3.2700000E+03
   2.0632601E+00   8.0631792E+06   3.7197917E+01   1.7463200E-01   1.7463200E-01   1.1024000E+01   3.2850598E+03   1.5921695E+03   6.2221665E+09   3.2710000E+03
   1.9177901E+00   6.8680024E+06   3.3820833E+01   2.0103901E-01   2.0103901E-01   1.4384600E+01   3.0232877E+03   1.5764435E+03   5.6455699E+09   3.2720000E+03
   1.8286949E+00   5.9177268E+06   2.5885417E+01   2.0681299E-01   2.0681299E-01   1.6223600E+01   2.8186363E+03   1.5413377E+03   4.9878280E+09   3.2730000E+03
   1.8079053E+00   6.0435865E+06   2.4894583E+01   2.1521999E-01   2.1521999E-01   1.6602800E+01   2.7894334E+03   1.5429091E+03   5.1577396E+09   3.2740000E+03
   1.8700422E+00   6.1886887E+06   2.4557917E+01   2.2885500E-01   2.2885500E-01   2.3408100E+01   2.8612921E+03   1.5300682E+03   5.0635841E+09   3.2750000E+03
   1.9377300E+00   6.2857957E+06   2.0752084E+01   2.4025200E-01   2.4025200E-01   2.7815901E+01   2.8961463E+03   1.4946078E+03   4.8483529E+09   3.2760000E+03
   1.9103514E+00   6.0902270E+06   1.9060833E+01   2.6555799E-01   2.6555799E-01   2.7749901E+01   2.8271408E+03   1.4799062E+03   4.7179617E+09   3.2770000E+03
   1.8935234E+00   5.8184015E+06   1.6789584E+01   2.8296400E-01   2.8296400E-01   3.0657301E+01   2.7758224E+03   1.4659562E+03   4.5045769E+09   3.2780000E+03
   1.8343426E+00   5.7684961E+06   1.5467917E+01   2.9165100E-01   2.9165100E-01   3.3511501E+01   2.7297446E+03   1.4881323E+03   4.6797612E+09   3.2790000E+03
   1.8806558E+00   5.7384605E+06   1.5641250E+01   2.9785101E-01   2.9785101E-01   3.2717300E+01   2.7204231E+03   1.4465289E+03   4.4138056E+09   3.2800000E+03
   1.9080771E+00   5.7308981E+06   1.5711666E+01   3.0332199E-01   3.0332199E-01   2.9448500E+01   2.6896784E+03   1.4096278E+03   4.2338086E+09   3.2810000E+03
   1.9175772E+00   5.5994159E+06   1.4410834E+01   3.0304100E-01   3.0304100E-01   3.1838301E+01   2.6611929E+03   1.3877892E+03   4.0524100E+09   3.2820000E+03
   1.9240909E+00   5.5257787E+06   1.5255416E+01   3.0520800E-01   3.0520800E-01   3.4002102E+01   2.6403760E+03   1.3722720E+03   3.9410151E+09   3.2830000E+03
   1.9215832E+00   5.5031877E+06   1.5561250E+01   3.0162901E-01   3.0162901E-01   3.1706200E+01   2.6396717E+03   1.3736963E+03   3.9341043E+09   3.2840000E+03
   1.9388205E+00   5.5519326E+06   1.6047916E+01   2.9055599E-01   2.9055599E-01   3.1916401E+01   2.6566815E+03   1.3702566E+03   3.9238147E+09   3.2850000E+03
   1.9153290E+00   5.6921751E+06   1.6947083E+01   2.7764900E-01   2.7764900E-01   3.5981998E+01   2.6648761E+03   1.3913412E+03   4.1349334E+09   3.2860000E+03
   1.9584530E+00   6.0017282E+06   1.9321666E+01   2.7463499E-01   2.7463499E-01   3.2665699E+01   2.6908752E+03   1.3739800E+03   4.2105960E+09   3.2870000E+03
   1.9881513E+00   6.0100539E+06   1.9005834E+01   2.7167400E-01   2.7167400E-01   3.1567200E+01   2.6757731E+03   1.3458599E+03   4.0684483E+09   3.2880000E+03
   1.9739574E+00   5.6194399E+06   1.8647916E+01   2.7318501E-01   2.7318501E-01   3.2983200E+01   2.6538086E+03   1.3444103E+03   3.8272521E+09   3.2890000E+03
   1.9280469E+00   5.4758744E+06   2.3651250E+01   2.8578199E-01   2.8578199E-01   2.8987200E+01   2.5997598E+03   1.3483903E+03   3.8295833E+09   3.2900000E+03
   1.9056454E+00   5.3751309E+06   2.1292916E+01   2.8743700E-01   2.8743700E-01   3.1344101E+01   2.5697426E+03   1.3484894E+03   3.8035968E+09   3.2910000E+03
   1.9017615E+00   5.2846150E+06   1.7895833E+01   3.0205299E-01   3.0205299E-01   3.4196400E+01   2.5287660E+03   1.3296967E+03   3.6949612E+09   3.2920000E+03
   1.8849209E+00   5.1822918E+06   2.0697916E+01   3.1910601E-01   3.1910601E-01   3.4047699E+01   2.4972492E+03   1.3248562E+03   3.6424826E+09   3.2930000E+03
   1.8458866E+00   5.1474683E+06   2.1742084E+01   3.0031700E-01   3.0031700E-01   3.3646599E+01   2.5254973E+03   1.3681758E+03   3.8153164E+09   3.2940000E+03
   1.9870727E+00   5.9334771E+06   2.0484999E+01   2.7010799E-01   2.7010799E-01   3.1650299E+01   2.7439313E+03   1.3808913E+03   4.1233957E+09   3.2950000E+03
   2.0056686E+00   7.2015772E+06   2.4146667E+01   2.5701401E-01   2.5701401E-01   2.8614000E+01   3.0963872E+03   1.5438180E+03   5.5432510E+09   3.2960000E+03
   1.9588347E+00   7.7753751E+06   2.7139584E+01   2.3674700E-01   2.3674700E-01   2.4988600E+01   3.2739798E+03   1.6713916E+03   6.6344020E+09   3.2970000E+03
   1.8154869E+00   7.7019604E+06   2.6758749E+01   2.0866800E-01   2.0866800E-01   1.9317900E+01   3.2972131E+03   1.8161591E+03   7.7048120E+09   3.2980000E+03
   1.7701134E+00   7.7094784E+06   2.6288333E+01   1.8380199E-01   1.8380199E-01   1.6555799E+01   3.2890265E+03   1.8580880E+03   8.0926390E+09   3.2990000E+03
   1.7686191E+00   7.8039084E+06   3.1428749E+01   1.7512800E-01   1.7512800E-01   1.3932900E+01   3.2959868E+03   1.8635934E+03   8.2229757E+09   3.3000000E+03
   1.6897421E+00   7.3012059E+06   4.2029166E+01   1.8223000E-01   1.8223000E-01   7.2957001E+00   3.0458496E+03   1.8025530E+03   7.7886505E+09   3.3010000E+03

