   1.7218337E+00   8.0375768E+06   3.7347500E+01   1.2460000E-01   1.8079599E-01   5.9422998E+00   3.3222736E+03   1.9294974E+03   9.0069581E+09   3.2870000E+03
   1.7381280E+00   7.6177959E+06   3.2756251E+01   1.8191000E-01   1.9695801E-01   6.6542001E+00   3.1487602E+03   1.8115814E+03   7.9397243E+09   3.2880000E+03
   1.6786317E+00   6.8325993E+06   3.2312917E+01   2.2727501E-01   2.1454800E-01   7.0085001E+00   2.8881935E+03   1.7205641E+03   7.0032786E+09   3.2890000E+03
   1.6476345E+00   6.0594439E+06   3.1112499E+01   2.3075500E-01   2.2658800E-01   8.6878004E+00   2.6828318E+03   1.6282930E+03   5.9883123E+09   3.2900000E+03
   1.6736695E+00   5.5032582E+06   2.5805416E+01   2.2809500E-01   2.2737200E-01   1.0555900E+01   2.4365794E+03   1.4558307E+03   4.7869739E+09   3.2910000E+03
   1.6731520E+00   5.2065917E+06   2.4065833E+01   2.5545500E-01   2.3239799E-01   1.0919600E+01   2.3052297E+03   1.3777766E+03   4.2874288E+09   3.2920000E+03
   1.7529188E+00   5.4378999E+06   2.6074584E+01   2.4672501E-01   2.3700500E-01   1.0455700E+01   2.4076419E+03   1.3735045E+03   4.2608817E+09   3.2930000E+03
   1.8057172E+00   5.7776490E+06   2.6693751E+01   2.4453501E-01   2.3521200E-01   1.0633000E+01   2.5516269E+03   1.4130822E+03   4.5213576E+09   3.2940000E+03
   1.8659156E+00   6.1272875E+06   2.5707084E+01   2.3900499E-01   2.3034401E-01   1.0359900E+01   2.7004352E+03   1.4472440E+03   4.7524552E+09   3.2950000E+03
   1.8523653E+00   6.2116982E+06   2.5868751E+01   2.2926001E-01   2.2726000E-01   9.5818996E+00   2.7376369E+03   1.4779142E+03   4.9560187E+09   3.2960000E+03
   1.8010495E+00   6.2478147E+06   2.6338334E+01   2.3104000E-01   2.2663601E-01   1.0128100E+01   2.7535542E+03   1.5288610E+03   5.3035967E+09   3.2970000E+03
   1.7945090E+00   6.3229172E+06   2.5662500E+01   2.1627001E-01   2.2670300E-01   1.1312300E+01   2.7866536E+03   1.5528781E+03   5.4715356E+09   3.2980000E+03
   1.8140663E+00   6.4202469E+06   2.4969168E+01   2.1190001E-01   2.2731300E-01   1.0737200E+01   2.8249424E+03   1.5572433E+03   5.5113126E+09   3.2990000E+03
   1.8420793E+00   6.5402594E+06   2.4816667E+01   2.2566000E-01   2.2738899E-01   9.8203001E+00   2.8684089E+03   1.5571582E+03   5.5286534E+09   3.3000000E+03
   1.8749208E+00   6.6041815E+06   2.4364584E+01   2.2891500E-01   2.2761801E-01   1.2122000E+01   2.8964436E+03   1.5448352E+03   5.4414950E+09   3.3010000E+03
   1.8529276E+00   6.4992374E+06   2.4583749E+01   2.2386000E-01   2.3098900E-01   1.4106100E+01   2.8504176E+03   1.5383318E+03   5.3957768E+09   3.3020000E+03
   1.8293100E+00   6.4836936E+06   2.5977499E+01   2.3042999E-01   2.3663300E-01   1.3995100E+01   2.8504763E+03   1.5582249E+03   5.5228764E+09   3.3030000E+03
   1.8196727E+00   6.4632209E+06   2.7003334E+01   2.4036501E-01   2.3993700E-01   1.4106700E+01   2.8692271E+03   1.5767820E+03   5.6005074E+09   3.3040000E+03
   1.8339358E+00   6.4097111E+06   2.7480000E+01   2.4984501E-01   2.4239000E-01   1.6056000E+01   2.8667254E+03   1.5631547E+03   5.4633156E+09   3.3050000E+03
   1.8387698E+00   6.3901542E+06   2.8242500E+01   2.5933500E-01   2.4831699E-01   1.6838400E+01   2.8579786E+03   1.5542884E+03   5.4015150E+09   3.3060000E+03
   1.8224244E+00   6.4223415E+06   3.1777916E+01   2.3839500E-01   2.6249399E-01   1.5682600E+01   2.8723743E+03   1.5761281E+03   5.5543772E+09   3.3070000E+03
   1.7984321E+00   6.5791664E+06   3.1668750E+01   2.3299999E-01   2.6835699E-01   1.5894600E+01   2.9425138E+03   1.6361551E+03   5.9855121E+09   3.3080000E+03
   1.8058443E+00   6.7744284E+06   2.8137499E+01   2.8379000E-01   2.6756599E-01   1.7673000E+01   3.0613352E+03   1.6952376E+03   6.3594993E+09   3.3090000E+03
   1.8108705E+00   6.8081999E+06   2.4409583E+01   3.0184500E-01   2.7029400E-01   1.8905199E+01   3.1417627E+03   1.7349461E+03   6.5227523E+09   3.3100000E+03
   1.8069265E+00   6.8156749E+06   2.3259167E+01   2.8608500E-01   2.7873699E-01   1.9681499E+01   3.1452121E+03   1.7406420E+03   6.5656518E+09   3.3110000E+03
   1.8168248E+00   6.8302785E+06   2.3205834E+01   2.8443501E-01   2.8498899E-01   2.1474400E+01   3.1519512E+03   1.7348680E+03   6.5221654E+09   3.3120000E+03
   1.8144054E+00   6.8042584E+06   2.2802083E+01   3.0294001E-01   2.8969101E-01   2.2280899E+01   3.1399438E+03   1.7305636E+03   6.4898408E+09   3.3130000E+03
   1.7876060E+00   6.6665575E+06   2.4208333E+01   2.9025499E-01   2.9427200E-01   2.2133400E+01   3.0955412E+03   1.7316687E+03   6.4579492E+09   3.3140000E+03
   1.7856121E+00   6.6351950E+06   2.6324999E+01   3.0352501E-01   2.9398899E-01   2.2535101E+01   3.0874296E+03   1.7290595E+03   6.4250498E+09   3.3150000E+03
   1.7865877E+00   6.5760116E+06   2.8921249E+01   3.0982000E-01   2.9508301E-01   2.2011999E+01   3.0598908E+03   1.7127012E+03   6.3040528E+09   3.3160000E+03
   1.7809514E+00   6.4591249E+06   3.4990833E+01   3.1462999E-01   2.9896099E-01   1.9704300E+01   3.0055022E+03   1.6875824E+03   6.1204959E+09   3.3170000E+03
   1.8320147E+00   6.4568710E+06   3.7113750E+01   3.0681000E-01   2.9142799E-01   1.7315100E+01   3.0044534E+03   1.6399723E+03   5.7800244E+09   3.3180000E+03
   1.8815725E+00   6.5537986E+06   3.8365833E+01   3.0407000E-01   2.8567900E-01   1.5102700E+01   3.0420527E+03   1.6167608E+03   5.6314201E+09   3.3190000E+03
   1.9083535E+00   6.6802955E+06   3.7665002E+01   2.9883499E-01   2.8126699E-01   1.3286300E+01   3.0857293E+03   1.6169590E+03   5.6602532E+09   3.3200000E+03
   1.9014426E+00   6.6818242E+06   3.5241668E+01   2.9206499E-01   2.7293400E-01   1.2570800E+01   3.0864354E+03   1.6232072E+03   5.7040822E+09   3.3210000E+03
   1.8633364E+00   6.6080254E+06   3.2222082E+01   2.9211000E-01   2.6481701E-01   1.3526900E+01   3.0523466E+03   1.6381082E+03   5.8092893E+09   3.3220000E+03
   1.8278400E+00   6.5695778E+06   2.8102916E+01   2.9038500E-01   2.6179300E-01   1.4575600E+01   3.0345871E+03   1.6602039E+03   5.9670644E+09   3.3230000E+03
   1.8036769E+00   6.7083901E+06   2.1220416E+01   2.8518999E-01   2.6263800E-01   1.5531500E+01   3.0675341E+03   1.7007116E+03   6.3254327E+09   3.3240000E+03
   1.7972538E+00   6.9219413E+06   1.9403751E+01   2.4617001E-01   2.7277300E-01   1.7719801E+01   3.1573877E+03   1.7567845E+03   6.7660780E+09   3.3250000E+03
   1.8139785E+00   7.1049613E+06   1.8181250E+01   2.3903000E-01   2.7924801E-01   1.9961201E+01   3.2408708E+03   1.7866093E+03   6.9977622E+09   3.3260000E+03
   1.8393319E+00   7.0765567E+06   1.8566667E+01   3.0054501E-01   2.8442900E-01   1.8992100E+01   3.2279143E+03   1.7549384E+03   6.7518654E+09   3.3270000E+03
   1.8375131E+00   6.8410620E+06   2.1481666E+01   3.1173500E-01   2.9046400E-01   1.8337900E+01   3.1204952E+03   1.6982166E+03   6.3224610E+09   3.3280000E+03
   1.8230456E+00   6.3933683E+06   2.7481251E+01   3.2678501E-01   2.9256500E-01   1.8257700E+01   2.9960957E+03   1.6434563E+03   5.7635538E+09   3.3290000E+03
   1.7977741E+00   6.2069504E+06   3.5004167E+01   3.2217999E-01   2.8676800E-01   1.5591300E+01   2.9087355E+03   1.6179650E+03   5.5861459E+09   3.3300000E+03
   1.7770584E+00   6.1367794E+06   4.1280833E+01   3.0893000E-01   2.7121300E-01   1.0985300E+01   2.8758515E+03   1.6183214E+03   5.5886072E+09   3.3310000E+03
   1.7993376E+00   6.2249744E+06   4.7827082E+01   3.0327499E-01   2.4143801E-01   7.3246002E+00   2.9171820E+03   1.6212533E+03   5.6088755E+09   3.3320000E+03
   1.8292909E+00   6.5663587E+06   5.2438749E+01   2.9680500E-01   2.1586100E-01   5.2337999E+00   2.9441595E+03   1.6094540E+03   5.7772399E+09   3.3330000E+03
   1.8189868E+00   6.8173202E+06   5.4402085E+01   2.3662500E-01   1.9951900E-01   3.3498001E+00   2.9014811E+03   1.5951084E+03   5.9782535E+09   3.3340000E+03
   1.8163444E+00   6.7038308E+06   5.0011667E+01   1.8513500E-01   1.8229500E-01   2.7520001E+00   2.8573143E+03   1.5731126E+03   5.8061018E+09   3.3350000E+03
   1.8797363E+00   6.8750339E+06   4.2560416E+01   1.1808000E-01   1.7465799E-01   5.2976999E+00   2.9302847E+03   1.5588807E+03   5.7015219E+09   3.3360000E+03
   1.9832750E+00   7.2190042E+06   3.6337084E+01   1.5276000E-01   1.7848200E-01   1.0335000E+01   3.0768921E+03   1.5514198E+03   5.6470770E+09   3.3370000E+03
   2.0946819E+00   7.6555004E+06   2.9973334E+01   1.1037500E-01   1.8281099E-01   1.2486700E+01   3.2629360E+03   1.5577239E+03   5.6930631E+09   3.3380000E+03
   2.1284573E+00   7.6793316E+06   2.4618751E+01   2.0541000E-01   1.9012501E-01   1.3689600E+01   3.3952301E+03   1.5951601E+03   5.7552308E+09   3.3390000E+03
   2.0023326E+00   7.4620285E+06   2.2858334E+01   2.9677999E-01   2.0021000E-01   1.4728200E+01   3.2991548E+03   1.6476558E+03   6.1402658E+09   3.3400000E+03
   1.8455027E+00   7.0208619E+06   1.9877917E+01   2.5568501E-01   2.1976601E-01   1.6291300E+01   3.1041037E+03   1.6819827E+03   6.3987811E+09   3.3410000E+03
   1.8020647E+00   6.8851741E+06   1.7642500E+01   2.2723499E-01   2.2073200E-01   1.6314501E+01   3.0441126E+03   1.6892360E+03   6.4540878E+09   3.3420000E+03
   1.8121115E+00   6.9591472E+06   1.8180834E+01   2.8436001E-01   2.1966400E-01   1.5166000E+01   3.0595037E+03   1.6883639E+03   6.4839127E+09   3.3430000E+03
   1.7332966E+00   6.9668940E+06   1.7176666E+01   1.6598499E-01   2.3523800E-01   1.7233601E+01   3.0697925E+03   1.7710716E+03   7.1187284E+09   3.3450000E+03
   1.9463375E+00   6.4855097E+06   3.5809583E+01   1.9277000E-01   1.9277000E-01   8.3442001E+00   2.8309877E+03   1.4545204E+03   4.8466961E+09   3.1880000E+03
   1.9061668E+00   5.9053201E+06   3.5758334E+01   2.0184500E-01   2.0184500E-01   7.7023001E+00   2.6677450E+03   1.3995338E+03   4.3357670E+09   3.1890000E+03
   1.9124415E+00   5.6217106E+06   3.4761667E+01   2.1144400E-01   2.1144400E-01   1.2490300E+01   2.5511485E+03   1.3339747E+03   3.9212805E+09   3.1900000E+03
   1.8467484E+00   5.6024002E+06   3.0169167E+01   2.1089701E-01   2.1089701E-01   1.0909400E+01   2.5015183E+03   1.3545529E+03   4.1092480E+09   3.1910000E+03
   1.8312270E+00   5.6049108E+06   2.7250000E+01   2.1521400E-01   2.1521400E-01   7.6508999E+00   2.4939533E+03   1.3619029E+03   4.1684315E+09   3.1920000E+03
   1.7906869E+00   5.8507438E+06   2.7285416E+01   2.2284000E-01   2.2284000E-01   1.1936900E+01   2.5376232E+03   1.4171228E+03   4.6301909E+09   3.1930000E+03
   1.8385276E+00   6.0809884E+06   2.5925833E+01   2.2663900E-01   2.2663900E-01   1.3794400E+01   2.6106507E+03   1.4199682E+03   4.6965900E+09   3.1940000E+03
   1.9003673E+00   6.1779714E+06   2.5774167E+01   2.3163500E-01   2.3163500E-01   1.1611600E+01   2.7008706E+03   1.4212361E+03   4.6203470E+09   3.1950000E+03
   1.9168211E+00   6.2443960E+06   2.6165833E+01   2.3835100E-01   2.3835100E-01   1.2575100E+01   2.7277633E+03   1.4230662E+03   4.6358991E+09   3.1960000E+03
   1.8680894E+00   6.1853776E+06   2.5897501E+01   2.4456499E-01   2.4456499E-01   1.6861200E+01   2.7224372E+03   1.4573377E+03   4.8253494E+09   3.1970000E+03
   1.8378085E+00   6.1145273E+06   2.5992084E+01   2.5533501E-01   2.5533501E-01   2.1035900E+01   2.7071004E+03   1.4730046E+03   4.9007973E+09   3.1980000E+03
   1.8673787E+00   6.0442699E+06   2.5376666E+01   2.6222700E-01   2.6222700E-01   1.9167601E+01   2.7083703E+03   1.4503594E+03   4.6944757E+09   3.1990000E+03
   1.9105736E+00   6.1498246E+06   2.5342500E+01   2.6530800E-01   2.6530800E-01   1.6666000E+01   2.7366610E+03   1.4323766E+03   4.6105865E+09   3.2000000E+03
   1.9277162E+00   6.1534955E+06   2.3847500E+01   2.6614901E-01   2.6614901E-01   2.1396400E+01   2.7478324E+03   1.4254340E+03   4.5501521E+09   3.2010000E+03
   1.9126609E+00   6.0317263E+06   2.5175417E+01   2.7343399E-01   2.7343399E-01   2.0217501E+01   2.7362212E+03   1.4305836E+03   4.5114576E+09   3.2020000E+03
   1.8907632E+00   6.0976299E+06   2.6173750E+01   2.7829700E-01   2.7829700E-01   1.7937901E+01   2.7068095E+03   1.4315962E+03   4.6168362E+09   3.2030000E+03
   1.9064385E+00   6.0876090E+06   2.4301250E+01   2.7823400E-01   2.7823400E-01   1.6941500E+01   2.6912506E+03   1.4116640E+03   4.5077029E+09   3.2040000E+03
   1.8964398E+00   5.8880780E+06   2.7340001E+01   2.8231100E-01   2.8231100E-01   1.4766200E+01   2.6351942E+03   1.3895480E+03   4.3142773E+09   3.2050000E+03
   1.9105892E+00   5.9397285E+06   2.8172917E+01   2.8010099E-01   2.8010099E-01   1.7327801E+01   2.6318084E+03   1.3774852E+03   4.2823899E+09   3.2060000E+03
   1.9585573E+00   5.9076310E+06   2.5934166E+01   2.7895599E-01   2.7895599E-01   1.6494200E+01   2.6681863E+03   1.3623223E+03   4.1091970E+09   3.2070000E+03
   1.9459307E+00   5.9169916E+06   2.5260000E+01   2.7661200E-01   2.7661200E-01   1.7853100E+01   2.7052814E+03   1.3902249E+03   4.2272569E+09   3.2080000E+03
   1.9292778E+00   5.9011415E+06   2.5821251E+01   2.7087200E-01   2.7087200E-01   1.8898899E+01   2.7229334E+03   1.4113744E+03   4.3170144E+09   3.2090000E+03
   1.9178684E+00   6.1172152E+06   2.3631666E+01   2.7242001E-01   2.7242001E-01   1.7700199E+01   2.7459780E+03   1.4317865E+03   4.5668128E+09   3.2100000E+03
   1.8970850E+00   6.2305511E+06   1.8131250E+01   2.7244301E-01   2.7244301E-01   2.4541201E+01   2.8205300E+03   1.4867705E+03   4.8829650E+09   3.2110000E+03
   1.8625922E+00   6.3874445E+06   1.5218334E+01   2.7816500E-01   2.7816500E-01   2.3208500E+01   2.9210428E+03   1.5682675E+03   5.3781079E+09   3.2120000E+03
   1.8294062E+00   6.4672240E+06   1.4711250E+01   2.8940901E-01   2.8940901E-01   2.2587500E+01   3.0178368E+03   1.6496264E+03   5.8316757E+09   3.2130000E+03
   1.8348310E+00   6.6737400E+06   1.1014167E+01   2.9626499E-01   2.9626499E-01   2.5441799E+01   3.1000277E+03   1.6895440E+03   6.1452950E+09   3.2140000E+03
   1.8490616E+00   6.8005064E+06   7.9079167E+00   2.9709101E-01   2.9709101E-01   2.0072300E+01   3.1727660E+03   1.7158790E+03   6.3106855E+09   3.2150000E+03
   1.8373024E+00   6.8403889E+06   7.6758332E+00   2.9986900E-01   2.9986900E-01   2.2666700E+01   3.1843905E+03   1.7331880E+03   6.4527645E+09   3.2160000E+03
   1.8293423E+00   6.8225062E+06   7.6433335E+00   2.9707701E-01   2.9707701E-01   2.9160200E+01   3.1806556E+03   1.7386880E+03   6.4844122E+09   3.2170000E+03
   1.8451160E+00   6.8017374E+06   6.9658333E+00   2.9310301E-01   2.9310301E-01   2.2264500E+01   3.1748214E+03   1.7206622E+03   6.3429579E+09   3.2180000E+03
   1.8496067E+00   6.8267475E+06   6.9816666E+00   2.9399200E-01   2.9399200E-01   2.4685301E+01   3.1777441E+03   1.7180648E+03   6.3412374E+09   3.2190000E+03
   1.8761213E+00   6.8134473E+06   8.5804164E+00   2.9549801E-01   2.9549801E-01   3.0803200E+01   3.1796934E+03   1.6948229E+03   6.1550320E+09   3.2200000E+03
   1.8930330E+00   6.8253220E+06   1.1001250E+01   2.9756399E-01   2.9756399E-01   2.2429300E+01   3.1816716E+03   1.6807270E+03   6.0598536E+09   3.2210000E+03
   1.8777913E+00   6.8633443E+06   8.3099999E+00   2.9006800E-01   2.9006800E-01   2.2243299E+01   3.1898794E+03   1.6987401E+03   6.2089104E+09   3.2220000E+03
   1.8766191E+00   6.9146102E+06   7.1908336E+00   2.8447100E-01   2.8447100E-01   3.0079300E+01   3.2001712E+03   1.7052855E+03   6.2833126E+09   3.2230000E+03
   1.8634730E+00   6.9677822E+06   9.4725000E+00   2.8836500E-01   2.8836500E-01   2.6816200E+01   3.2057888E+03   1.7203302E+03   6.4325514E+09   3.2240000E+03
   1.8585908E+00   6.9534862E+06   1.1811667E+01   2.9695801E-01   2.9695801E-01   2.3112499E+01   3.2181635E+03   1.7315073E+03   6.4780327E+09   3.2250000E+03
   1.8727250E+00   6.9679185E+06   8.8604167E+00   2.8675800E-01   2.8675800E-01   3.1837299E+01   3.2305247E+03   1.7250395E+03   6.4184194E+09   3.2260000E+03
   1.8757137E+00   6.9248994E+06   7.7554168E+00   2.8545700E-01   2.8545700E-01   3.2107399E+01   3.2132611E+03   1.7130872E+03   6.3245028E+09   3.2270000E+03
   1.8475827E+00   6.7450363E+06   8.0983332E+00   2.9016001E-01   2.9016001E-01   3.2213902E+01   3.1471802E+03   1.7034042E+03   6.2186784E+09   3.2280000E+03
   1.8338480E+00   6.6712164E+06   9.2412500E+00   2.8876900E-01   2.8876900E-01   3.9307400E+01   3.1086750E+03   1.6951651E+03   6.1667125E+09   3.2290000E+03
   1.8257387E+00   6.7010390E+06   8.3391668E+00   2.9075701E-01   2.9075701E-01   3.9462601E+01   3.1173423E+03   1.7074416E+03   6.2668510E+09   3.2300000E+03
   1.8397575E+00   6.7470043E+06   6.9212498E+00   2.8641100E-01   2.8641100E-01   3.7694302E+01   3.1244810E+03   1.6983113E+03   6.2282738E+09   3.2310000E+03
   1.8479676E+00   6.5764811E+06   9.7700004E+00   2.7731600E-01   2.7731600E-01   4.2025299E+01   3.0653869E+03   1.6587882E+03   5.9032361E+09   3.2320000E+03
   1.8555955E+00   6.4737069E+06   1.4889166E+01   2.7359600E-01   2.7359600E-01   3.3955200E+01   3.0407267E+03   1.6386797E+03   5.7169422E+09   3.2330000E+03
   1.8798161E+00   6.6827156E+06   1.5189166E+01   2.6879299E-01   2.6879299E-01   3.3328701E+01   2.9931094E+03   1.5922352E+03   5.6603704E+09   3.2340000E+03
   1.8482656E+00   6.3663955E+06   1.5702500E+01   2.7117500E-01   2.7117500E-01   3.0469200E+01   2.8390990E+03   1.5360882E+03   5.2910930E+09   3.2350000E+03
   1.9039089E+00   6.2191613E+06   1.4475000E+01   2.7805700E-01   2.7805700E-01   2.7239901E+01   2.8019289E+03   1.4716717E+03   4.8072489E+09   3.2360000E+03
   1.9728309E+00   5.8600909E+06   1.1293750E+01   3.1732800E-01   3.1732800E-01   2.9888201E+01   2.8083055E+03   1.4234902E+03   4.2283311E+09   3.2380000E+03
   1.9528268E+00   5.7517400E+06   1.0400834E+01   3.2844299E-01   3.2844299E-01   3.0535200E+01   2.7592899E+03   1.4129722E+03   4.1616843E+09   3.2390000E+03
   1.9493247E+00   5.6835400E+06   9.8279163E+00   3.1790701E-01   3.1790701E-01   3.0253901E+01   2.7343116E+03   1.4026969E+03   4.0897670E+09   3.2400000E+03
   1.9555369E+00   5.7162576E+06   1.1360417E+01   3.1687300E-01   3.1687300E-01   2.7839199E+01   2.7487293E+03   1.4056136E+03   4.1087689E+09   3.2410000E+03
   1.9438909E+00   5.8274777E+06   1.1679583E+01   3.1899799E-01   3.1899799E-01   2.9880400E+01   2.7786944E+03   1.4294498E+03   4.2852645E+09   3.2420000E+03
   1.9413737E+00   5.9713208E+06   1.2695833E+01   3.2016399E-01   3.2016399E-01   2.9483601E+01   2.8060718E+03   1.4454053E+03   4.4458102E+09   3.2430000E+03
   1.9568440E+00   6.1043478E+06   1.3857500E+01   3.2416901E-01   3.2416901E-01   2.4618900E+01   2.7956710E+03   1.4286632E+03   4.4566949E+09   3.2440000E+03
   1.9209654E+00   5.8103518E+06   1.4173334E+01   3.2952499E-01   3.2952499E-01   2.4334499E+01   2.7588204E+03   1.4361635E+03   4.3439696E+09   3.2450000E+03
   1.9465679E+00   5.6483073E+06   1.3470417E+01   3.3294300E-01   3.3294300E-01   2.8824900E+01   2.7268067E+03   1.4008280E+03   4.0647475E+09   3.2460000E+03
   1.9954468E+00   5.6273980E+06   1.2260833E+01   3.3157700E-01   3.3157700E-01   2.6437401E+01   2.7185498E+03   1.3623765E+03   3.8420643E+09   3.2470000E+03
   2.0040633E+00   5.6557097E+06   1.2480833E+01   3.3384998E-01   3.3384998E-01   2.3072800E+01   2.7303804E+03   1.3624222E+03   3.8449208E+09   3.2480000E+03
   2.0031745E+00   5.7115655E+06   1.2147917E+01   3.3273602E-01   3.3273602E-01   2.8768000E+01   2.7349003E+03   1.3652831E+03   3.8927733E+09   3.2490000E+03
   1.9952749E+00   5.7298802E+06   1.0867917E+01   3.3077400E-01   3.3077400E-01   3.2776199E+01   2.7375089E+03   1.3719959E+03   3.9399946E+09   3.2500000E+03
   2.0141510E+00   5.7208253E+06   1.0370834E+01   3.2710800E-01   3.2710800E-01   2.5810400E+01   2.7422229E+03   1.3614783E+03   3.8670287E+09   3.2510000E+03
   2.0023977E+00   5.7163304E+06   1.0914583E+01   3.2649200E-01   3.2649200E-01   2.8139000E+01   2.7536636E+03   1.3751832E+03   3.9257942E+09   3.2520000E+03
   1.9950797E+00   5.7459923E+06   1.2753751E+01   3.2300301E-01   3.2300301E-01   3.2199799E+01   2.7593124E+03   1.3830587E+03   3.9833218E+09   3.2530000E+03
   2.0140318E+00   5.7774091E+06   1.3835000E+01   3.1582500E-01   3.1582500E-01   2.9806900E+01   2.7633852E+03   1.3720663E+03   3.9358805E+09   3.2540000E+03
   1.9676497E+00   5.8326242E+06   1.3651667E+01   3.1073999E-01   3.1073999E-01   2.8594900E+01   2.7371648E+03   1.3910834E+03   4.1235319E+09   3.2550000E+03
   1.9308176E+00   5.7732941E+06   1.5113750E+01   3.0333900E-01   3.0333900E-01   2.9708900E+01   2.7176117E+03   1.4074927E+03   4.2085120E+09   3.2560000E+03
   1.9468689E+00   5.8065697E+06   1.7146250E+01   2.9775700E-01   2.9775700E-01   2.9228600E+01   2.7055120E+03   1.3896734E+03   4.1447246E+09   3.2570000E+03
   1.9707535E+00   5.7968380E+06   1.6298334E+01   2.9236700E-01   2.9236700E-01   3.0465500E+01   2.7251026E+03   1.3827719E+03   4.0673301E+09   3.2580000E+03
   1.9514285E+00   5.8654713E+06   1.7593751E+01   2.9796000E-01   2.9796000E-01   3.1031500E+01   2.7049766E+03   1.3861520E+03   4.1664018E+09   3.2590000E+03
   1.9498213E+00   5.7003322E+06   1.9072916E+01   2.9651600E-01   2.9651600E-01   3.2048698E+01   2.6566306E+03   1.3624995E+03   3.9832882E+09   3.2600000E+03
   1.9480587E+00   5.4903805E+06   1.9467917E+01   2.8976101E-01   2.8976101E-01   2.9340300E+01   2.6132224E+03   1.3414495E+03   3.7807218E+09   3.2610000E+03
   2.0002361E+00   5.6679163E+06   2.3610833E+01   2.8787500E-01   2.8787500E-01   2.8435600E+01   2.6449747E+03   1.3223313E+03   3.7469892E+09   3.2620000E+03
   2.0289139E+00   5.7408832E+06   2.5375000E+01   2.8210199E-01   2.8210199E-01   3.1938101E+01   2.6513109E+03   1.3067636E+03   3.6975335E+09   3.2630000E+03
   2.0385329E+00   6.0179120E+06   2.7452916E+01   2.7143200E-01   2.7143200E-01   3.0695999E+01   2.6797490E+03   1.3145478E+03   3.8806501E+09   3.2640000E+03
   2.0301347E+00   6.0510152E+06   3.6014166E+01   2.5367001E-01   2.5367001E-01   2.4437099E+01   2.7409924E+03   1.3501530E+03   4.0242631E+09   3.2650000E+03
   1.9910737E+00   6.6090045E+06   3.8304166E+01   2.2863600E-01   2.2863600E-01   2.1891701E+01   2.8276235E+03   1.4201501E+03   4.7139283E+09   3.2660000E+03
   2.0977608E+00   7.4519231E+06   3.7931251E+01   2.0493200E-01   2.0493200E-01   2.2219400E+01   3.0831291E+03   1.4697239E+03   5.2209334E+09   3.2670000E+03
   2.1740901E+00   8.1328021E+06   4.1326667E+01   2.0983400E-01   2.0983400E-01   1.6488400E+01   3.2804141E+03   1.5088676E+03   5.6443482E+09   3.2680000E+03
   2.1064807E+00   7.8120007E+06   3.9830415E+01   1.9232300E-01   1.9232300E-01   1.2425700E+01   3.3241141E+03   1.5780416E+03   5.8522550E+09   3.2690000E+03
   2.0447874E+00   7.7650530E+06   3.7780833E+01   1.6923800E-01   1.6923800E-01   1.1071800E+01   3.2819329E+03   1.6050240E+03   6.0950573E+09   3.2700000E+03
   2.0632601E+00   8.0631792E+06   3.7197917E+01   1.7463200E-01   1.7463200E-01   1.1024000E+01   3.2850598E+03   1.5921695E+03   6.2221665E+09   3.2710000E+03
   1.9177901E+00   6.8680024E+06   3.3820833E+01   2.0103901E-01   2.0103901E-01   1.4384600E+01   3.0232877E+03   1.5764435E+03   5.6455699E+09   3.2720000E+03
   1.8286949E+00   5.9177268E+06   2.5885417E+01   2.0681299E-01   2.0681299E-01   1.6223600E+01   2.8186363E+03   1.5413377E+03   4.9878280E+09   3.2730000E+03
   1.8079053E+00   6.0435865E+06   2.4894583E+01   2.1521999E-01   2.1521999E-01   1.6602800E+01   2.7894334E+03   1.5429091E+03   5.1577396E+09   3.2740000E+03
   1.8700422E+00   6.1886887E+06   2.4557917E+01   2.2885500E-01   2.2885500E-01   2.3408100E+01   2.8612921E+03   1.5300682E+03   5.0635841E+09   3.2750000E+03
   1.9377300E+00   6.2857957E+06   2.0752084E+01   2.4025200E-01   2.4025200E-01   2.7815901E+01   2.8961463E+03   1.4946078E+03   4.8483529E+09   3.2760000E+03
   1.9103514E+00   6.0902270E+06   1.9060833E+01   2.6555799E-01   2.6555799E-01   2.7749901E+01   2.8271408E+03   1.4799062E+03   4.7179617E+09   3.2770000E+03
   1.8935234E+00   5.8184015E+06   1.6789584E+01   2.8296400E-01   2.8296400E-01   3.0657301E+01   2.7758224E+03   1.4659562E+03   4.5045769E+09   3.2780000E+03
   1.8343426E+00   5.7684961E+06   1.5467917E+01   2.9165100E-01   2.9165100E-01   3.3511501E+01   2.7297446E+03   1.4881323E+03   4.6797612E+09   3.2790000E+03
   1.8806558E+00   5.7384605E+06   1.5641250E+01   2.9785101E-01   2.9785101E-01   3.2717300E+01   2.7204231E+03   1.4465289E+03   4.4138056E+09   3.2800000E+03
   1.9080771E+00   5.7308981E+06   1.5711666E+01   3.0332199E-01   3.0332199E-01   2.9448500E+01   2.6896784E+03   1.4096278E+03   4.2338086E+09   3.2810000E+03
   1.9175772E+00   5.5994159E+06   1.4410834E+01   3.0304100E-01   3.0304100E-01   3.1838301E+01   2.6611929E+03   1.3877892E+03   4.0524100E+09   3.2820000E+03
   1.9240909E+00   5.5257787E+06   1.5255416E+01   3.0520800E-01   3.0520800E-01   3.4002102E+01   2.6403760E+03   1.3722720E+03   3.9410151E+09   3.2830000E+03
   1.9215832E+00   5.5031877E+06   1.5561250E+01   3.0162901E-01   3.0162901E-01   3.1706200E+01   2.6396717E+03   1.3736963E+03   3.9341043E+09   3.2840000E+03
   1.9388205E+00   5.5519326E+06   1.6047916E+01   2.9055599E-01   2.9055599E-01   3.1916401E+01   2.6566815E+03   1.3702566E+03   3.9238147E+09   3.2850000E+03
   1.9153290E+00   5.6921751E+06   1.6947083E+01   2.7764900E-01   2.7764900E-01   3.5981998E+01   2.6648761E+03   1.3913412E+03   4.1349334E+09   3.2860000E+03
   1.9584530E+00   6.0017282E+06   1.9321666E+01   2.7463499E-01   2.7463499E-01   3.2665699E+01   2.6908752E+03   1.3739800E+03   4.2105960E+09   3.2870000E+03
   1.9881513E+00   6.0100539E+06   1.9005834E+01   2.7167400E-01   2.7167400E-01   3.1567200E+01   2.6757731E+03   1.3458599E+03   4.0684483E+09   3.2880000E+03
   1.9739574E+00   5.6194399E+06   1.8647916E+01   2.7318501E-01   2.7318501E-01   3.2983200E+01   2.6538086E+03   1.3444103E+03   3.8272521E+09   3.2890000E+03
   1.9280469E+00   5.4758744E+06   2.3651250E+01   2.8578199E-01   2.8578199E-01   2.8987200E+01   2.5997598E+03   1.3483903E+03   3.8295833E+09   3.2900000E+03
   1.9056454E+00   5.3751309E+06   2.1292916E+01   2.8743700E-01   2.8743700E-01   3.1344101E+01   2.5697426E+03   1.3484894E+03   3.8035968E+09   3.2910000E+03
   1.9017615E+00   5.2846150E+06   1.7895833E+01   3.0205299E-01   3.0205299E-01   3.4196400E+01   2.5287660E+03   1.3296967E+03   3.6949612E+09   3.2920000E+03
   1.8849209E+00   5.1822918E+06   2.0697916E+01   3.1910601E-01   3.1910601E-01   3.4047699E+01   2.4972492E+03   1.3248562E+03   3.6424826E+09   3.2930000E+03
   1.8458866E+00   5.1474683E+06   2.1742084E+01   3.0031700E-01   3.0031700E-01   3.3646599E+01   2.5254973E+03   1.3681758E+03   3.8153164E+09   3.2940000E+03
   1.9870727E+00   5.9334771E+06   2.0484999E+01   2.7010799E-01   2.7010799E-01   3.1650299E+01   2.7439313E+03   1.3808913E+03   4.1233957E+09   3.2950000E+03
   2.0056686E+00   7.2015772E+06   2.4146667E+01   2.5701401E-01   2.5701401E-01   2.8614000E+01   3.0963872E+03   1.5438180E+03   5.5432510E+09   3.2960000E+03
   1.9588347E+00   7.7753751E+06   2.7139584E+01   2.3674700E-01   2.3674700E-01   2.4988600E+01   3.2739798E+03   1.6713916E+03   6.6344020E+09   3.2970000E+03
   1.8154869E+00   7.7019604E+06   2.6758749E+01   2.0866800E-01   2.0866800E-01   1.9317900E+01   3.2972131E+03   1.8161591E+03   7.7048120E+09   3.2980000E+03
   1.7701134E+00   7.7094784E+06   2.6288333E+01   1.8380199E-01   1.8380199E-01   1.6555799E+01   3.2890265E+03   1.8580880E+03   8.0926390E+09   3.2990000E+03
   1.7686191E+00   7.8039084E+06   3.1428749E+01   1.7512800E-01   1.7512800E-01   1.3932900E+01   3.2959868E+03   1.8635934E+03   8.2229757E+09   3.3000000E+03
